provinceID,year,week,SMN,SMT,VCI,TCI,VHI
20,2000,01,0.061,263.85,22.13,67.19,44.66
20,2000,02,0.063,264.68,22.24,64.33,43.29
20,2000,03,0.066,266.55,23.16,58.05,40.61
20,2000,04,0.072,268.03,26.38,54.71,40.55
20,2000,05,0.079,269.06,30.60,52.88,41.74
20,2000,06,0.088,270.54,34.35,50.08,42.22
20,2000,07,0.097,272.74,37.38,47.06,42.22
20,2000,08,0.105,274.06,39.87,48.93,44.40
20,2000,09,0.112,275.03,41.52,53.09,47.30
20,2000,10,0.118,276.19,41.66,58.17,49.91
20,2000,11,0.131,277.82,43.68,59.11,51.40
20,2000,12,0.147,279.76,46.26,61.04,53.65
20,2000,13,0.170,282.09,50.73,60.24,55.48
20,2000,14,0.200,284.31,56.08,56.50,56.29
20,2000,15,0.233,286.47,60.59,54.62,57.60
20,2000,16,0.272,288.07,64.65,53.71,59.18
20,2000,17,0.325,289.21,72.36,56.52,64.44
20,2000,18,0.376,290.30,80.00,60.17,70.09
20,2000,19,0.414,291.25,82.46,61.43,71.94
20,2000,20,0.437,292.33,82.35,60.27,71.31
20,2000,21,0.448,293.46,81.29,55.92,68.61
20,2000,22,0.454,294.43,79.90,52.94,66.42
20,2000,23,0.452,295.08,78.20,51.31,64.75
20,2000,24,0.452,295.60,77.64,52.78,65.21
20,2000,25,0.448,296.24,76.22,51.86,64.04
20,2000,26,0.441,296.77,74.93,50.78,62.86
20,2000,27,0.432,297.27,74.49,48.12,61.31
20,2000,28,0.418,297.67,73.00,45.01,59.01
20,2000,29,0.404,297.93,70.33,43.76,57.04
20,2000,30,0.388,298.15,67.57,41.52,54.55
20,2000,31,0.371,298.09,65.51,41.30,53.41
20,2000,32,0.352,297.68,62.32,43.59,52.96
20,2000,33,0.336,297.23,58.18,45.31,51.75
20,2000,34,0.322,296.36,55.43,49.04,52.23
20,2000,35,0.304,294.85,51.82,55.76,53.79
20,2000,36,0.291,293.48,49.39,55.92,52.65
20,2000,37,0.279,292.61,47.67,52.44,50.05
20,2000,38,0.270,292.51,48.07,43.15,45.61
20,2000,39,0.257,292.42,48.04,31.79,39.91
20,2000,40,0.244,291.95,49.06,22.18,35.62
20,2000,41,0.221,291.14,47.32,16.15,31.73
20,2000,42,0.195,289.95,44.85,14.92,29.89
20,2000,43,0.159,288.76,37.52,11.75,24.64
20,2000,44,0.123,287.26,28.35,10.26,19.31
20,2000,45,0.083,285.78,15.94,10.35,13.14
20,2000,46,0.061,284.46,9.30,9.71,9.50
20,2000,47,0.046,282.77,5.62,10.65,8.13
20,2000,48,0.036,280.40,4.04,15.34,9.69
20,2000,49,0.033,278.51,4.21,18.18,11.20
20,2000,50,0.034,277.17,4.64,18.09,11.36
20,2000,51,0.044,276.82,10.14,15.40,12.77
20,2000,52,0.061,276.62,22.92,14.55,18.73
20,2001,01,0.088,275.93,41.44,16.62,29.03
20,2001,02,0.113,275.79,56.55,16.15,36.35
20,2001,03,0.158,276.15,81.47,15.42,48.45
20,2001,04,0.165,276.68,83.70,15.24,49.47
20,2001,05,0.169,277.44,84.92,14.60,49.76
20,2001,06,0.174,278.35,85.05,14.07,49.56
20,2001,07,0.180,279.58,84.87,13.73,49.30
20,2001,08,0.189,280.94,86.07,14.05,50.06
20,2001,09,0.198,282.35,86.94,15.08,51.01
20,2001,10,0.210,284.05,87.78,14.16,50.97
20,2001,11,0.224,285.62,88.15,12.89,50.52
20,2001,12,0.239,287.27,87.84,11.96,49.90
20,2001,13,0.256,288.69,87.31,13.41,50.36
20,2001,14,0.275,289.47,86.31,17.79,52.05
20,2001,15,0.296,290.18,85.19,21.96,53.57
20,2001,16,0.323,291.11,83.77,22.03,52.90
20,2001,17,0.353,291.69,82.43,28.50,55.46
20,2001,18,0.385,292.27,83.02,37.88,60.45
20,2001,19,0.417,292.76,83.38,44.03,63.70
20,2001,20,0.440,293.30,82.84,48.36,65.60
20,2001,21,0.455,293.99,83.27,48.49,65.88
20,2001,22,0.463,294.67,82.90,49.09,65.99
20,2001,23,0.465,295.23,81.96,48.74,65.35
20,2001,24,0.465,296.02,81.21,47.50,64.36
20,2001,25,0.460,297.01,79.52,43.05,61.28
20,2001,26,0.454,298.11,78.40,36.28,57.34
20,2001,27,0.446,299.22,77.78,28.40,53.09
20,2001,28,0.435,300.01,76.57,23.57,50.07
20,2001,29,0.423,300.61,74.48,20.17,47.33
20,2001,30,0.411,300.98,72.84,17.43,45.14
20,2001,31,0.401,300.93,72.84,17.17,45.01
20,2001,32,0.386,300.33,71.50,20.88,46.19
20,2001,33,0.376,299.60,69.26,23.97,46.61
20,2001,34,0.372,298.76,69.62,26.00,47.81
20,2001,35,0.369,297.70,70.71,27.45,49.08
20,2001,36,0.371,296.40,73.07,26.97,50.02
20,2001,37,0.371,295.15,75.80,26.84,51.32
20,2001,38,0.368,293.99,78.38,26.66,52.52
20,2001,39,0.361,292.66,80.95,25.89,53.42
20,2001,40,0.345,290.57,82.19,29.58,55.89
20,2001,41,0.327,288.43,83.42,31.98,57.70
20,2001,42,0.305,286.56,83.91,33.23,58.57
20,2001,43,0.270,283.91,79.95,37.13,58.54
20,2001,44,0.230,281.30,72.10,39.93,56.02
20,2001,45,0.189,278.52,61.61,42.57,52.09
20,2001,46,0.152,275.61,50.35,46.82,48.59
20,2001,47,0.127,272.68,43.01,52.15,47.58
20,2001,48,0.101,269.25,33.84,60.52,47.18
20,2001,49,0.086,266.86,29.65,64.54,47.09
20,2001,50,0.078,265.14,28.52,65.76,47.14
20,2001,51,0.073,264.01,28.42,68.12,48.27
20,2001,52,0.073,263.36,30.49,70.98,50.73
20,2002,01,0.074,263.68,31.44,70.64,51.04
20,2002,02,0.083,265.89,36.60,60.05,48.32
20,2002,03,0.103,269.38,47.65,45.30,46.47
20,2002,04,0.123,273.15,59.31,31.08,45.19
20,2002,05,0.141,275.84,70.09,21.52,45.81
20,2002,06,0.158,277.98,77.82,15.46,46.64
20,2002,07,0.174,280.02,83.22,11.71,47.47
20,2002,08,0.187,281.50,87.12,11.51,49.31
20,2002,09,0.197,282.62,87.59,13.58,50.58
20,2002,10,0.206,284.07,87.47,13.80,50.63
20,2002,11,0.217,285.27,86.86,14.64,50.75
20,2002,12,0.231,286.44,86.34,16.91,51.62
20,2002,13,0.246,287.47,85.13,20.86,52.99
20,2002,14,0.264,288.65,83.32,22.52,52.92
20,2002,15,0.287,289.73,82.49,24.67,53.58
20,2002,16,0.317,290.80,82.20,24.25,53.22
20,2002,17,0.352,291.99,82.88,24.57,53.72
20,2002,18,0.391,292.95,85.82,30.08,57.95
20,2002,19,0.425,293.79,86.71,31.48,59.09
20,2002,20,0.447,294.68,85.98,33.41,59.69
20,2002,21,0.459,295.21,85.39,36.14,60.77
20,2002,22,0.461,295.89,83.08,36.54,59.81
20,2002,23,0.460,296.56,80.89,35.63,58.26
20,2002,24,0.458,297.37,79.21,34.42,56.81
20,2002,25,0.455,298.32,77.93,30.40,54.16
20,2002,26,0.445,298.82,75.53,30.79,53.16
20,2002,27,0.435,299.13,74.24,31.59,52.92
20,2002,28,0.427,299.35,73.83,31.27,52.55
20,2002,29,0.414,299.00,71.33,35.66,53.50
20,2002,30,0.401,298.46,69.49,40.80,55.15
20,2002,31,0.395,297.91,70.58,45.39,57.99
20,2002,32,0.388,297.12,71.47,50.50,60.99
20,2002,33,0.383,296.27,71.08,55.73,63.41
20,2002,34,0.377,295.19,71.65,61.78,66.71
20,2002,35,0.372,294.07,72.42,64.40,68.41
20,2002,36,0.372,293.11,74.27,59.06,66.66
20,2002,37,0.368,291.99,75.58,57.12,66.35
20,2002,38,0.363,290.99,77.66,56.02,66.84
20,2002,39,0.358,289.83,80.91,53.49,67.20
20,2002,40,0.354,288.75,86.08,46.13,66.10
20,2002,41,0.343,287.72,89.53,38.02,63.77
20,2002,42,0.320,286.21,89.99,36.71,63.35
20,2002,43,0.296,285.21,90.00,30.34,60.17
20,2002,44,0.276,284.62,90.64,21.86,56.25
20,2002,45,0.255,283.87,89.86,17.54,53.70
20,2002,46,0.238,282.66,89.02,16.30,52.66
20,2002,47,0.224,281.16,89.10,16.36,52.73
20,2002,48,0.211,278.80,88.43,21.06,54.75
20,2002,49,0.195,276.09,87.28,27.61,57.44
20,2002,50,0.173,273.07,84.83,34.49,59.66
20,2002,51,0.155,270.32,81.89,42.54,62.22
20,2002,52,0.142,269.83,78.20,43.83,61.01
20,2003,01,0.132,270.59,71.42,40.18,55.80
20,2003,02,0.120,270.65,60.92,39.16,50.04
20,2003,03,0.113,270.86,54.15,39.49,46.82
20,2003,04,0.111,271.31,51.26,40.35,45.80
20,2003,05,0.113,272.45,51.71,37.83,44.77
20,2003,06,0.116,273.07,51.50,38.48,44.99
20,2003,07,0.126,274.35,54.48,39.69,47.08
20,2003,08,0.141,276.24,60.74,39.40,50.07
20,2003,09,0.155,278.28,64.52,38.66,51.59
20,2003,10,0.164,280.19,65.23,38.59,51.91
20,2003,11,0.176,281.30,65.77,41.42,53.60
20,2003,12,0.190,281.82,65.82,52.31,59.06
20,2003,13,0.208,284.07,67.07,51.16,59.11
20,2003,14,0.224,286.39,65.26,44.80,55.03
20,2003,15,0.242,288.06,63.21,43.60,53.41
20,2003,16,0.269,289.93,63.00,36.85,49.93
20,2003,17,0.301,291.91,63.71,30.10,46.91
20,2003,18,0.340,293.42,66.90,29.69,48.30
20,2003,19,0.376,294.62,69.02,27.00,48.01
20,2003,20,0.408,295.60,71.96,27.75,49.86
20,2003,21,0.435,296.12,76.52,30.20,53.36
20,2003,22,0.451,296.32,79.01,35.12,57.06
20,2003,23,0.461,296.47,80.69,39.24,59.97
20,2003,24,0.468,296.82,82.47,43.05,62.76
20,2003,25,0.470,297.07,82.97,47.13,65.05
20,2003,26,0.464,297.00,81.75,52.28,67.01
20,2003,27,0.450,296.71,79.37,56.24,67.81
20,2003,28,0.432,296.50,76.30,57.97,67.13
20,2003,29,0.416,296.20,73.29,60.58,66.93
20,2003,30,0.404,295.97,71.89,62.49,67.19
20,2003,31,0.404,296.01,74.64,62.55,68.59
20,2003,32,0.413,296.18,80.20,60.50,70.35
20,2003,33,0.418,296.08,82.24,59.28,70.76
20,2003,34,0.416,295.47,83.18,60.88,72.03
20,2003,35,0.408,294.53,82.47,61.75,72.11
20,2003,36,0.395,293.56,80.67,57.29,68.98
20,2003,37,0.384,292.84,79.78,52.38,66.08
20,2003,38,0.372,291.90,79.15,51.08,65.11
20,2003,39,0.355,290.89,78.48,47.43,62.95
20,2003,40,0.335,289.91,77.81,39.31,58.56
20,2003,41,0.305,288.66,74.44,33.41,53.92
20,2003,42,0.275,287.06,71.74,32.27,52.01
20,2003,43,0.248,285.18,70.46,30.93,50.69
20,2003,44,0.229,283.72,70.51,27.48,49.00
20,2003,45,0.215,282.77,71.97,23.06,47.52
20,2003,46,0.202,281.85,72.19,19.67,45.93
20,2003,47,0.184,280.59,69.98,18.14,44.06
20,2003,48,0.171,279.41,68.19,17.37,42.78
20,2003,49,0.159,278.40,67.97,16.39,42.18
20,2003,50,0.153,277.72,72.36,13.81,43.09
20,2003,51,0.150,276.90,78.22,12.96,45.59
20,2003,52,0.148,276.12,81.10,15.11,48.11
20,2004,01,0.147,275.42,80.11,17.82,48.97
20,2004,05,0.134,273.93,65.49,29.93,47.71
20,2004,06,0.128,273.02,59.30,37.99,48.65
20,2004,07,0.131,273.18,57.58,44.70,51.14
20,2004,08,0.144,274.40,62.28,48.27,55.27
20,2004,09,0.167,276.93,71.41,45.39,58.40
20,2004,10,0.176,277.83,71.31,52.30,61.80
20,2004,25,0.446,295.61,74.85,59.48,67.17
20,2004,26,0.447,296.04,76.81,58.99,67.90
20,2004,27,0.441,296.33,76.99,57.87,67.43
20,2004,28,0.433,296.58,76.69,55.69,66.19
20,2004,30,0.412,296.57,73.57,56.50,65.04
20,2004,31,0.402,296.36,73.28,58.18,65.73
20,2004,32,0.394,296.00,73.64,59.98,66.81
20,2004,33,0.393,295.56,74.49,61.72,68.10
20,2004,34,0.398,294.68,77.81,65.25,71.53
20,2004,35,0.404,293.96,81.40,64.35,72.87
20,2004,36,0.407,293.71,84.11,54.39,69.25
20,2004,37,0.403,293.25,85.16,46.67,65.92
20,2004,38,0.394,292.47,85.90,43.44,64.67
20,2004,39,0.376,291.50,85.27,39.66,62.47
20,2004,40,0.351,290.28,83.56,34.75,59.15
20,2004,41,0.330,289.28,83.51,28.12,55.82
20,2004,42,0.306,288.40,83.20,22.52,52.86
20,2004,43,0.277,287.21,81.33,17.76,49.54
20,2004,44,0.250,285.98,79.20,13.82,46.51
20,2004,45,0.224,284.50,75.65,13.60,44.63
20,2004,46,0.201,281.92,71.98,19.25,45.62
20,2004,47,0.183,278.99,69.48,25.58,47.53
20,2004,48,0.166,277.26,66.48,27.14,46.81
20,2004,49,0.152,275.67,65.14,28.47,46.81
20,2004,50,0.143,274.75,66.87,26.77,46.82
20,2004,51,0.139,274.33,71.40,24.58,47.99
20,2004,52,0.136,274.45,73.87,22.61,48.24
20,2005,01,0.132,274.78,70.98,20.71,45.84
20,2005,02,0.130,274.59,66.89,21.21,44.05
20,2005,03,0.129,274.77,63.64,21.23,42.44
20,2005,04,0.134,275.36,65.54,20.33,42.94
20,2005,05,0.139,275.76,67.79,20.60,44.19
20,2005,06,0.146,276.70,69.73,19.61,44.67
20,2005,07,0.153,277.48,70.51,22.19,46.35
20,2005,08,0.164,279.15,73.71,22.07,47.89
20,2005,09,0.174,280.69,75.38,22.96,49.17
20,2005,10,0.187,281.28,77.47,29.61,53.54
20,2005,11,0.200,282.26,77.82,34.50,56.16
20,2005,12,0.216,283.55,78.46,39.92,59.19
20,2005,13,0.231,285.11,77.68,43.58,60.63
20,2005,14,0.247,286.75,75.30,42.95,59.13
20,2005,15,0.266,288.10,73.22,44.66,58.94
20,2005,16,0.293,289.32,72.43,43.29,57.86
20,2005,17,0.325,290.67,72.34,42.59,57.47
20,2005,18,0.359,291.53,73.79,48.32,61.06
20,2005,19,0.397,292.43,76.10,46.40,61.25
20,2005,20,0.433,293.42,79.81,45.80,62.80
20,2005,21,0.456,294.44,82.69,42.59,62.64
20,2005,22,0.472,295.19,84.46,42.10,63.28
20,2005,23,0.479,295.59,85.02,43.32,64.17
20,2005,24,0.480,296.02,84.58,46.05,65.32
20,2005,25,0.479,296.45,84.63,47.50,66.07
20,2005,26,0.479,297.11,85.35,45.02,65.19
20,2005,27,0.474,297.82,85.59,40.41,63.00
20,2005,28,0.467,298.36,85.68,36.30,60.99
20,2005,29,0.457,298.76,84.70,33.71,59.21
20,2005,30,0.450,299.18,84.50,33.26,58.88
20,2005,31,0.442,299.22,84.69,32.55,58.61
20,2005,32,0.435,299.06,85.16,32.50,58.83
20,2005,33,0.430,298.68,84.40,33.32,58.86
20,2005,34,0.423,298.07,83.73,34.22,58.97
20,2005,35,0.410,297.18,81.75,34.45,58.10
20,2005,36,0.395,296.25,79.57,30.29,54.93
20,2005,37,0.380,295.45,77.54,25.78,51.66
20,2005,38,0.363,294.30,75.68,25.21,50.45
20,2005,39,0.344,293.10,74.41,23.93,49.17
20,2005,40,0.322,291.52,73.11,23.77,48.44
20,2005,41,0.302,289.97,73.48,22.58,48.03
20,2005,42,0.275,288.18,71.83,23.64,47.74
20,2005,43,0.244,286.19,68.98,24.23,46.61
20,2005,44,0.216,284.45,65.26,22.63,43.94
20,2005,45,0.194,282.87,63.14,21.92,42.53
20,2005,46,0.177,281.61,61.19,20.45,40.82
20,2005,47,0.162,280.08,59.47,20.55,40.01
20,2005,48,0.142,277.49,53.93,26.73,40.33
20,2005,49,0.128,275.36,52.00,30.82,41.41
20,2005,50,0.122,274.12,54.39,30.74,42.56
20,2005,51,0.117,273.27,56.83,30.66,43.74
20,2005,52,0.114,272.54,58.46,32.96,45.71
20,2006,01,0.108,271.65,54.34,37.07,45.71
20,2006,02,0.103,271.13,49.34,38.11,43.73
20,2006,03,0.093,270.05,41.30,43.32,42.31
20,2006,04,0.089,269.71,37.38,47.38,42.38
20,2006,05,0.095,270.48,40.65,46.36,43.51
20,2006,06,0.111,272.22,48.37,42.24,45.30
20,2006,07,0.127,274.16,54.77,40.63,47.70
20,2006,08,0.141,275.79,60.46,41.63,51.04
20,2006,09,0.153,277.03,63.57,45.43,54.50
20,2006,10,0.167,278.76,66.77,47.08,56.93
20,2006,11,0.186,281.11,70.39,43.20,56.79
20,2006,12,0.206,283.81,73.43,38.34,55.88
20,2006,13,0.229,286.15,76.21,34.77,55.49
20,2006,14,0.254,288.21,78.02,29.47,53.74
20,2006,15,0.276,289.59,77.24,29.55,53.39
20,2006,16,0.299,290.23,74.88,32.90,53.89
20,2006,17,0.326,290.74,73.16,41.63,57.39
20,2006,18,0.357,291.59,73.75,48.20,60.97
20,2006,19,0.388,292.54,74.37,47.94,61.15
20,2006,20,0.419,293.57,77.30,47.15,62.22
20,2006,21,0.442,294.69,80.77,42.43,61.60
20,2006,22,0.455,295.38,82.25,41.97,62.11
20,2006,23,0.462,295.94,83.11,41.54,62.32
20,2006,24,0.463,296.41,82.68,43.77,63.23
20,2006,25,0.461,296.74,81.83,46.66,64.25
20,2006,26,0.461,297.24,82.42,45.99,64.20
20,2006,27,0.468,297.92,86.02,41.58,63.80
20,2006,28,0.468,298.42,87.92,38.20,63.06
20,2006,29,0.469,298.81,89.62,36.05,62.84
20,2006,30,0.468,299.18,91.03,32.83,61.93
20,2006,31,0.460,299.38,91.09,30.58,60.84
20,2006,32,0.448,299.20,89.89,31.00,60.45
20,2006,33,0.439,298.78,87.83,32.18,60.01
20,2006,34,0.430,298.00,87.01,34.89,60.95
20,2006,35,0.418,296.78,85.37,38.18,61.78
20,2006,36,0.404,295.64,83.31,35.36,59.33
20,2006,37,0.388,294.55,81.36,33.08,57.22
20,2006,38,0.379,293.36,82.09,32.98,57.54
20,2006,39,0.371,292.41,84.58,28.67,56.62
20,2006,40,0.360,291.43,87.08,22.95,55.01
20,2006,41,0.340,290.01,87.24,21.03,54.13
20,2006,42,0.317,288.54,87.69,20.07,53.88
20,2006,43,0.286,287.24,85.49,16.70,51.09
20,2006,44,0.258,285.95,82.97,13.63,48.30
20,2006,45,0.236,284.83,81.39,11.66,46.53
20,2006,46,0.220,283.91,80.62,9.45,45.03
20,2006,47,0.208,283.26,81.37,6.21,43.79
20,2006,48,0.200,282.72,83.01,3.10,43.05
20,2006,49,0.190,281.91,84.79,1.76,43.28
20,2006,50,0.175,280.54,85.91,2.47,44.19
20,2006,51,0.165,279.21,88.46,3.63,46.04
20,2006,52,0.164,279.30,92.46,1.59,47.02
20,2007,01,0.161,279.35,90.57,0.42,45.50
20,2007,02,0.157,279.31,85.39,0.14,42.76
20,2007,03,0.154,279.60,80.87,0.27,40.57
20,2007,04,0.156,279.86,79.90,0.80,40.35
20,2007,05,0.161,280.05,82.22,2.48,42.35
20,2007,06,0.168,280.00,83.06,6.07,44.56
20,2007,07,0.174,279.80,82.15,12.76,47.46
20,2007,08,0.185,280.92,84.81,14.81,49.81
20,2007,09,0.200,282.40,88.29,15.64,51.97
20,2007,10,0.210,283.62,88.29,17.99,53.14
20,2007,11,0.218,284.61,85.79,21.19,53.49
20,2007,12,0.231,285.93,84.66,24.10,54.38
20,2007,13,0.251,287.82,85.37,23.13,54.25
20,2007,14,0.271,289.12,84.70,24.40,54.55
20,2007,15,0.292,290.07,83.10,27.93,55.52
20,2007,16,0.319,291.49,81.69,23.57,52.63
20,2007,17,0.350,292.87,80.97,20.88,50.93
20,2007,18,0.385,294.36,82.52,19.67,51.09
20,2007,19,0.421,295.61,84.28,15.01,49.64
20,2007,20,0.446,296.50,84.57,16.11,50.34
20,2007,21,0.462,297.49,85.46,13.98,49.72
20,2007,22,0.470,298.29,85.47,12.53,49.00
20,2007,23,0.474,298.92,85.00,12.13,48.57
20,2007,24,0.478,299.43,85.52,12.83,49.18
20,2007,25,0.479,300.04,85.57,12.13,48.85
20,2007,26,0.477,300.72,85.75,11.39,48.57
20,2007,27,0.471,301.47,85.94,8.13,47.04
20,2007,28,0.462,301.99,85.04,6.38,45.71
20,2007,29,0.450,302.33,83.07,5.80,44.44
20,2007,30,0.437,302.37,80.63,6.26,43.45
20,2007,31,0.427,302.13,80.08,7.64,43.86
20,2007,32,0.417,301.94,79.88,8.26,44.07
20,2007,33,0.405,301.55,77.08,8.72,42.90
20,2007,34,0.392,300.93,74.92,8.90,41.91
20,2007,35,0.385,300.12,74.62,7.75,41.18
20,2007,36,0.379,298.71,74.96,8.66,41.81
20,2007,37,0.375,297.01,76.31,12.57,44.44
20,2007,38,0.375,295.74,80.08,12.99,46.54
20,2007,39,0.370,294.14,83.40,15.59,49.50
20,2007,40,0.361,292.74,86.74,14.57,50.66
20,2007,41,0.342,291.08,87.53,14.58,51.05
20,2007,42,0.310,289.06,85.00,16.99,51.00
20,2007,43,0.272,286.25,80.22,23.61,51.91
20,2007,44,0.241,283.64,75.93,27.63,51.78
20,2007,45,0.221,282.28,74.70,24.92,49.81
20,2007,46,0.203,280.81,72.99,24.37,48.68
20,2007,47,0.184,279.17,70.24,24.78,47.51
20,2007,48,0.168,277.53,67.44,26.69,47.07
20,2007,49,0.150,275.87,64.10,28.99,46.55
20,2007,50,0.137,274.75,63.91,28.57,46.24
20,2007,51,0.139,274.57,71.39,25.31,48.35
20,2007,52,0.145,274.59,79.75,23.85,51.80
20,2008,01,0.159,275.25,88.90,19.99,54.44
20,2008,02,0.170,276.17,92.82,14.83,53.82
20,2008,03,0.178,277.16,94.94,11.55,53.25
20,2008,04,0.183,277.76,95.63,10.65,53.14
20,2008,05,0.185,278.41,95.73,10.17,52.95
20,2008,06,0.190,279.85,95.81,7.11,51.46
20,2008,07,0.197,281.40,94.97,5.23,50.10
20,2008,08,0.201,282.96,93.98,4.21,49.09
20,2008,09,0.208,284.64,92.54,2.96,47.75
20,2008,10,0.218,285.94,92.22,3.57,47.90
20,2008,11,0.231,286.94,91.82,5.76,48.79
20,2008,12,0.249,287.82,92.96,9.51,51.24
20,2008,13,0.274,288.72,95.11,14.14,54.63
20,2008,14,0.299,289.77,95.94,16.79,56.36
20,2008,15,0.327,290.80,96.46,18.78,57.62
20,2008,16,0.360,291.73,96.80,19.32,58.06
20,2008,17,0.393,292.50,96.11,24.00,60.06
20,2008,18,0.421,293.08,94.85,33.15,64.00
20,2008,19,0.447,293.86,93.28,35.33,64.30
20,2008,20,0.464,294.79,91.20,36.16,63.68
20,2008,21,0.470,295.66,88.82,34.84,61.83
20,2008,22,0.473,296.54,86.66,32.64,59.65
20,2008,23,0.472,297.29,84.41,30.46,57.44
20,2008,24,0.470,297.96,83.20,30.46,56.83
20,2008,25,0.468,298.44,82.22,31.92,57.07
20,2008,26,0.464,298.92,81.34,32.13,56.73
20,2008,27,0.458,299.45,81.22,29.67,55.44
20,2008,28,0.453,299.73,81.38,28.42,54.90
20,2008,29,0.449,300.03,81.72,26.88,54.30
20,2008,30,0.443,300.22,81.19,25.16,53.17
20,2008,31,0.433,300.14,80.87,24.90,52.89
20,2008,32,0.424,299.98,81.05,24.90,52.97
20,2008,33,0.419,299.64,80.61,24.98,52.80
20,2008,34,0.410,298.87,79.60,26.86,53.23
20,2008,35,0.401,297.72,79.11,29.40,54.26
20,2008,36,0.390,296.18,78.19,30.99,54.59
20,2008,37,0.379,294.33,77.75,36.90,57.32
20,2008,38,0.367,292.78,77.63,41.47,59.55
20,2008,39,0.355,291.58,78.68,40.40,59.54
20,2008,40,0.343,290.58,81.29,33.79,57.54
20,2008,41,0.335,289.70,85.88,25.79,55.83
20,2008,42,0.327,289.21,91.36,17.16,54.26
20,2008,43,0.314,288.51,95.70,9.45,52.58
20,2008,44,0.293,287.50,96.91,5.11,51.01
20,2008,45,0.275,286.53,98.01,3.45,50.73
20,2008,46,0.261,285.38,99.12,2.85,50.98
20,2008,47,0.245,284.08,99.07,2.44,50.75
20,2008,48,0.233,282.83,99.13,2.46,50.80
20,2008,49,0.216,281.43,98.73,3.82,51.28
20,2008,50,0.195,279.10,97.40,9.03,53.21
20,2008,51,0.177,277.19,95.41,13.08,54.24
20,2008,52,0.161,276.63,90.01,14.04,52.02
20,2009,01,0.147,275.82,80.86,17.16,49.01
20,2009,02,0.138,275.73,72.19,16.94,44.57
20,2009,03,0.132,276.34,65.99,15.21,40.60
20,2009,04,0.130,277.29,63.47,12.75,38.11
20,2009,05,0.129,277.61,61.90,14.01,37.96
20,2009,06,0.131,277.96,60.83,16.23,38.53
20,2009,07,0.135,278.28,59.66,21.05,40.35
20,2009,08,0.146,279.32,63.18,23.82,43.50
20,2009,09,0.157,280.29,65.82,27.96,46.89
20,2009,10,0.172,281.57,68.84,30.53,49.68
20,2009,11,0.184,282.02,69.10,37.85,53.47
20,2009,12,0.207,283.86,73.41,38.75,56.08
20,2009,13,0.235,286.21,78.66,34.92,56.79
20,2009,14,0.265,288.37,82.76,29.16,55.96
20,2009,15,0.292,290.18,83.38,24.88,54.13
20,2009,16,0.318,291.67,81.77,20.08,50.93
20,2009,17,0.345,292.77,79.46,20.84,50.15
20,2009,18,0.372,293.74,78.30,24.76,51.53
20,2009,19,0.402,294.80,77.93,22.39,50.16
20,2009,20,0.428,295.70,78.62,22.96,50.79
20,2009,21,0.449,296.68,80.85,20.66,50.75
20,2009,22,0.460,297.44,81.43,19.98,50.71
20,2009,23,0.463,298.17,80.51,18.51,49.51
20,2009,24,0.458,298.71,78.13,19.02,48.57
20,2009,25,0.450,299.20,75.22,19.91,47.56
20,2009,26,0.442,299.82,73.54,19.75,46.64
20,2009,27,0.431,300.20,72.22,19.97,46.10
20,2009,28,0.421,300.32,71.17,21.64,46.40
20,2009,29,0.414,300.27,70.70,24.05,47.37
20,2009,30,0.411,300.11,71.65,26.02,48.84
20,2009,31,0.410,300.08,73.99,26.00,50.00
20,2009,32,0.410,299.85,76.42,27.07,51.74
20,2009,33,0.406,299.39,76.05,28.15,52.10
20,2009,34,0.400,298.97,76.12,26.52,51.32
20,2009,35,0.391,298.29,75.20,24.09,49.64
20,2009,36,0.380,297.44,74.20,19.36,46.78
20,2009,37,0.369,296.56,73.68,15.81,44.74
20,2009,38,0.353,295.71,72.22,11.77,42.00
20,2009,39,0.337,294.93,71.66,6.41,39.03
20,2009,40,0.318,293.61,71.05,5.40,38.23
20,2009,41,0.297,292.52,70.65,2.47,36.56
20,2009,42,0.273,291.38,70.36,0.67,35.51
20,2009,43,0.244,289.64,68.21,1.08,34.65
20,2009,44,0.216,287.73,65.23,2.27,33.75
20,2009,45,0.197,286.04,64.00,5.18,34.59
20,2009,46,0.176,284.12,60.41,8.40,34.41
20,2009,47,0.158,282.76,57.12,8.03,32.57
20,2009,48,0.139,281.26,52.54,9.02,30.78
20,2009,49,0.125,278.71,50.57,15.02,32.79
20,2009,50,0.119,276.19,52.55,20.68,36.61
20,2009,51,0.106,273.64,50.42,27.41,38.91
20,2009,52,0.097,271.59,46.90,35.53,41.22
20,2010,01,0.079,269.42,34.74,45.75,40.24
20,2010,02,0.076,268.24,31.87,50.90,41.39
20,2010,03,0.073,267.10,28.31,57.47,42.89
20,2010,04,0.073,267.51,28.23,57.78,43.01
20,2010,05,0.083,269.33,33.84,51.88,42.86
20,2010,06,0.097,271.84,41.04,44.37,42.70
20,2010,07,0.112,273.64,46.99,43.40,45.20
20,2010,08,0.127,275.82,53.89,41.11,47.50
20,2010,09,0.151,278.66,63.54,35.12,49.33
20,2010,10,0.176,281.14,71.86,31.41,51.63
20,2010,11,0.198,283.33,76.73,27.74,52.24
20,2010,12,0.217,285.49,78.76,24.98,51.87
20,2010,13,0.239,287.84,80.33,20.17,50.25
20,2010,14,0.264,290.24,81.61,13.98,47.80
20,2010,15,0.290,291.83,81.82,11.02,46.42
20,2010,16,0.318,292.50,81.16,11.89,46.53
20,2010,17,0.350,293.64,80.46,11.79,46.12
20,2010,18,0.376,294.84,79.06,12.66,45.86
20,2010,19,0.393,295.35,74.28,16.60,45.44
20,2010,20,0.408,295.83,71.33,21.90,46.62
20,2010,21,0.419,296.40,70.58,24.46,47.52
20,2010,22,0.421,297.09,68.20,24.58,46.39
20,2010,23,0.421,297.68,66.43,24.01,45.22
20,2010,24,0.416,297.96,64.42,27.05,45.74
20,2010,25,0.411,298.39,63.28,28.31,45.80
20,2010,26,0.407,298.77,63.29,29.87,46.58
20,2010,27,0.406,299.28,65.13,27.83,46.48
20,2010,28,0.407,300.01,67.64,22.79,45.21
20,2010,29,0.409,300.77,69.74,17.99,43.86
20,2010,30,0.410,301.52,72.07,12.48,42.28
20,2010,31,0.409,301.88,74.16,9.10,41.63
20,2010,32,0.406,301.76,75.54,9.35,42.45
20,2010,33,0.404,301.36,75.87,9.92,42.90
20,2010,34,0.402,300.59,77.40,11.36,44.38
20,2010,35,0.399,299.58,78.64,11.80,45.22
20,2010,36,0.394,298.12,79.18,13.07,46.12
20,2010,37,0.386,296.63,79.45,14.55,47.00
20,2010,38,0.369,295.26,77.75,15.52,46.64
20,2010,39,0.348,293.67,76.11,17.46,46.78
20,2010,40,0.330,291.72,75.74,20.81,48.28
20,2010,41,0.313,290.23,76.95,19.16,48.05
20,2010,42,0.296,289.08,79.61,16.15,47.88
20,2010,43,0.278,288.37,82.24,9.47,45.85
20,2010,44,0.255,287.91,81.51,3.55,42.53
20,2010,45,0.234,287.44,80.31,1.32,40.82
20,2010,46,0.212,286.35,77.31,1.05,39.18
20,2010,47,0.199,285.06,77.45,0.98,39.22
20,2010,48,0.188,283.80,77.36,1.18,39.27
20,2010,49,0.180,282.29,79.86,1.89,40.88
20,2010,50,0.176,280.99,85.59,2.08,43.83
20,2010,51,0.167,279.84,87.38,1.84,44.61
20,2010,52,0.160,278.93,87.61,3.53,45.57
20,2011,01,0.156,278.12,85.51,6.17,45.84
20,2011,02,0.154,277.19,82.74,9.71,46.23
20,2011,03,0.150,275.98,77.95,16.64,47.30
20,2011,04,0.148,275.44,74.39,21.27,47.83
20,2011,05,0.152,275.87,75.89,21.79,48.84
20,2011,06,0.157,276.50,76.77,22.63,49.70
20,2011,07,0.161,276.88,75.16,27.56,51.36
20,2011,08,0.169,277.87,76.98,30.88,53.93
20,2011,09,0.184,280.21,80.28,28.19,54.24
20,2011,10,0.197,282.38,82.14,25.59,53.86
20,2011,11,0.204,284.14,79.31,23.65,51.48
20,2011,12,0.208,285.29,74.24,27.79,51.01
20,2011,13,0.220,286.53,71.90,32.12,52.01
20,2011,14,0.232,287.90,68.81,32.71,50.76
20,2011,15,0.250,289.05,66.82,35.24,51.03
20,2011,16,0.276,289.59,65.77,41.58,53.68
20,2011,17,0.299,290.64,63.07,44.34,53.70
20,2011,18,0.327,292.11,62.85,43.33,53.09
20,2011,19,0.356,293.11,63.22,42.81,53.02
20,2011,20,0.385,293.66,65.77,46.50,56.14
20,2011,21,0.415,294.61,71.36,43.73,57.54
20,2011,22,0.437,295.87,75.28,37.25,56.26
20,2011,23,0.450,296.68,77.41,34.40,55.91
20,2011,24,0.456,297.10,78.54,37.16,57.85
20,2011,25,0.459,297.51,79.44,39.56,59.50
20,2011,26,0.462,298.14,81.08,38.24,59.66
20,2011,27,0.458,298.66,82.23,35.66,58.95
20,2011,28,0.457,299.27,84.16,31.32,57.74
20,2011,29,0.456,299.74,85.35,28.42,56.89
20,2011,30,0.448,299.92,84.36,26.95,55.66
20,2011,31,0.443,299.97,85.54,25.80,55.67
20,2011,32,0.442,299.77,87.54,26.36,56.95
20,2011,33,0.438,299.49,86.85,26.15,56.50
20,2011,34,0.430,299.24,85.88,23.06,54.47
20,2011,35,0.421,298.81,84.86,18.40,51.63
20,2011,36,0.412,298.10,84.49,12.61,48.55
20,2011,37,0.398,297.03,83.08,10.59,46.84
20,2011,38,0.380,295.70,81.10,11.10,46.10
20,2011,39,0.358,293.92,78.97,14.69,46.83
20,2011,40,0.333,291.88,76.43,18.94,47.68
20,2011,41,0.306,289.81,74.32,21.85,48.08
20,2011,42,0.278,287.65,72.44,25.97,49.21
20,2011,43,0.251,285.55,71.18,26.75,48.97
20,2011,44,0.227,283.60,69.81,26.77,48.29
20,2011,45,0.204,281.82,67.20,26.97,47.08
20,2011,46,0.182,280.42,63.44,25.37,44.41
20,2011,47,0.159,278.82,58.15,25.19,41.67
20,2011,48,0.138,277.33,52.15,25.69,38.92
20,2011,49,0.122,276.32,48.79,24.76,36.78
20,2011,50,0.106,275.13,45.09,24.56,34.82
20,2011,51,0.096,274.17,43.96,24.85,34.41
20,2011,52,0.090,273.17,42.52,28.59,35.55
20,2012,01,0.087,272.55,40.21,31.91,36.06
20,2012,02,0.088,271.83,39.05,34.95,37.00
20,2012,03,0.090,271.43,39.00,37.79,38.40
20,2012,04,0.096,271.73,41.45,38.56,40.00
20,2012,05,0.103,272.24,45.25,38.45,41.85
20,2012,06,0.111,273.33,48.06,37.05,42.56
20,2012,07,0.118,274.58,49.24,38.39,43.81
20,2012,08,0.123,275.92,50.11,41.01,45.56
20,2012,09,0.128,277.64,49.98,42.19,46.08
20,2012,10,0.141,279.99,52.82,40.10,46.46
20,2012,11,0.157,282.39,55.99,35.58,45.79
20,2012,12,0.179,284.85,60.46,31.93,46.20
20,2012,13,0.203,287.24,64.44,27.30,45.87
20,2012,14,0.229,289.18,66.70,22.91,44.80
20,2012,15,0.256,290.47,68.23,22.76,45.49
20,2012,16,0.294,292.21,71.94,15.11,43.53
20,2012,17,0.340,293.78,76.98,11.16,44.07
20,2012,18,0.376,294.93,78.81,12.15,45.48
20,2012,19,0.400,295.56,76.69,14.17,45.43
20,2012,20,0.417,295.75,74.67,22.87,48.77
20,2012,21,0.428,295.83,73.98,30.76,52.37
20,2012,22,0.450,297.73,78.03,18.10,48.06
20,2012,23,0.458,298.63,78.70,15.71,47.21
20,2012,24,0.460,299.48,78.34,14.46,46.40
20,2012,25,0.457,300.33,77.21,12.21,44.71
20,2012,26,0.450,301.13,75.97,10.92,43.44
20,2012,27,0.438,301.16,74.45,10.79,42.62
20,2012,28,0.426,301.48,73.17,10.27,41.72
20,2012,29,0.417,301.69,72.05,10.41,41.23
20,2012,30,0.409,301.76,71.47,10.36,40.91
20,2012,31,0.397,301.55,69.96,12.01,40.99
20,2012,32,0.388,301.14,69.40,14.96,42.18
20,2012,33,0.383,300.46,68.79,17.77,43.28
20,2012,34,0.386,299.76,71.28,18.40,44.84
20,2012,35,0.393,299.09,75.07,16.50,45.78
20,2012,36,0.394,298.63,77.37,9.68,43.53
20,2012,37,0.388,297.88,78.05,6.19,42.12
20,2012,38,0.380,297.16,79.02,2.90,40.96
20,2012,39,0.371,296.37,80.58,1.42,41.00
20,2012,40,0.356,295.34,81.62,0.84,41.23
20,2012,41,0.336,294.02,82.09,0.80,41.44
20,2012,42,0.314,292.37,83.18,1.41,42.30
20,2012,43,0.290,290.69,83.75,1.17,42.46
20,2012,44,0.261,289.03,82.15,1.03,41.59
20,2012,45,0.236,287.31,80.16,1.06,40.61
20,2012,46,0.214,285.59,77.57,2.03,39.80
20,2012,47,0.195,283.62,75.29,3.97,39.63
20,2012,48,0.177,281.69,71.47,6.37,38.92
20,2012,49,0.164,280.18,71.22,8.38,39.80
20,2012,50,0.154,278.83,72.98,9.37,41.17
20,2012,51,0.154,278.43,79.97,6.58,43.27
20,2012,52,0.155,278.32,85.32,5.49,45.41
20,2013,01,0.158,278.39,80.43,6.70,43.56
20,2013,02,0.164,278.71,80.96,6.72,43.84
20,2013,03,0.171,278.74,81.70,8.15,44.92
20,2013,04,0.178,279.19,82.29,8.87,45.58
20,2013,05,0.184,279.91,83.29,8.85,46.07
20,2013,06,0.189,280.63,83.33,9.46,46.39
20,2013,07,0.197,281.44,83.47,11.54,47.51
20,2013,08,0.207,282.61,84.61,13.27,48.94
20,2013,09,0.218,283.67,84.82,14.86,49.84
20,2013,10,0.232,284.58,84.25,16.88,50.57
20,2013,11,0.241,284.73,81.46,24.49,52.98
20,2013,12,0.257,286.01,81.36,26.34,53.85
20,2013,13,0.274,287.54,81.55,27.22,54.39
20,2013,14,0.293,289.37,81.75,22.45,52.10
20,2013,15,0.316,291.24,83.29,16.84,50.07
20,2013,16,0.345,292.66,85.40,12.75,49.08
20,2013,17,0.383,294.36,87.87,8.91,48.39
20,2013,18,0.410,295.86,87.58,7.28,47.43
20,2013,19,0.421,296.56,82.64,7.88,45.26
20,2013,20,0.429,297.20,79.10,11.14,45.12
20,2013,21,0.436,297.82,76.98,11.70,44.34
20,2013,22,0.435,297.85,72.97,18.75,45.86
20,2013,23,0.432,298.15,70.03,22.51,46.27
20,2013,24,0.427,298.61,67.88,25.24,46.56
20,2013,25,0.423,298.93,66.76,27.46,47.11
20,2013,26,0.419,299.37,66.65,28.59,47.62
20,2013,27,0.414,299.69,67.72,26.78,47.25
20,2013,28,0.409,299.97,68.85,26.59,47.72
20,2013,29,0.406,299.89,69.50,29.24,49.37
20,2013,30,0.401,299.76,69.52,31.28,50.40
20,2013,31,0.391,299.63,69.23,32.44,50.83
20,2013,32,0.381,299.50,67.92,32.30,50.11
20,2013,33,0.370,298.83,66.01,35.24,50.63
20,2013,34,0.365,297.75,66.24,40.80,53.52
20,2013,35,0.360,296.48,66.75,44.84,55.79
20,2013,36,0.355,294.72,67.72,48.31,58.02
20,2013,37,0.353,293.07,69.58,51.53,60.55
20,2013,38,0.350,291.64,71.99,54.51,63.25
20,2013,39,0.345,290.33,74.97,53.61,64.29
20,2013,40,0.336,289.24,77.93,47.66,62.80
20,2013,41,0.322,287.83,80.00,44.14,62.07
20,2013,42,0.303,286.63,81.61,40.93,61.27
20,2013,43,0.285,285.84,83.21,32.13,57.67
20,2013,44,0.262,285.34,83.26,22.73,52.99
20,2013,45,0.244,284.74,83.64,15.69,49.67
20,2013,46,0.220,283.09,80.39,15.36,47.88
20,2013,47,0.200,280.90,77.52,17.97,47.75
20,2013,48,0.184,278.97,74.89,20.38,47.63
20,2013,49,0.171,277.82,74.49,19.66,47.07
20,2013,50,0.163,277.01,76.98,17.97,47.47
20,2013,51,0.162,276.86,82.36,15.56,48.96
20,2013,52,0.166,277.24,86.78,12.74,49.76
20,2014,01,0.173,278.24,89.70,7.83,48.77
20,2014,02,0.183,278.96,92.44,5.86,49.15
20,2014,03,0.193,279.48,94.25,5.20,49.72
20,2014,04,0.203,280.56,96.73,3.29,50.01
20,2014,05,0.210,281.56,97.70,2.41,50.05
20,2014,06,0.216,282.58,97.90,1.69,49.80
20,2014,07,0.225,283.91,98.43,1.01,49.72
20,2014,08,0.235,285.29,98.52,0.68,49.60
20,2014,09,0.248,286.42,98.67,0.90,49.78
20,2014,10,0.265,287.38,99.10,1.25,50.17
20,2014,11,0.283,288.27,99.44,2.63,51.03
20,2014,12,0.302,289.10,99.50,5.66,52.58
20,2014,13,0.320,289.90,99.52,10.39,54.95
20,2014,14,0.339,290.96,99.38,11.54,55.46
20,2014,15,0.359,291.80,99.02,13.70,56.36
20,2014,16,0.380,292.53,98.03,16.24,57.13
20,2014,17,0.401,293.46,94.04,20.98,57.51
20,2014,18,0.414,294.26,89.10,25.54,57.32
20,2014,19,0.423,295.14,83.64,24.62,54.13
20,2014,20,0.425,295.84,78.24,26.50,52.37
20,2014,21,0.426,296.70,74.35,23.74,49.05
20,2014,22,0.426,297.25,70.28,24.47,47.38
20,2014,23,0.424,297.58,67.60,27.54,47.57
20,2014,24,0.422,298.09,66.00,29.67,47.83
20,2014,25,0.421,298.60,65.73,30.63,48.18
20,2014,26,0.420,299.18,66.90,30.32,48.61
20,2014,27,0.417,299.56,68.40,27.78,48.09
20,2014,28,0.410,300.17,69.14,24.10,46.62
20,2014,29,0.406,300.78,69.37,20.19,44.78
20,2014,30,0.399,300.98,68.72,18.83,43.78
20,2014,31,0.389,300.70,68.44,21.36,44.90
20,2014,32,0.383,300.32,68.57,24.25,46.41
20,2014,33,0.376,299.76,67.81,26.34,47.07
20,2014,34,0.369,299.29,67.57,26.01,46.79
20,2014,35,0.359,298.57,66.46,24.42,45.44
20,2014,36,0.349,297.46,65.39,22.59,43.99
20,2014,37,0.339,296.26,64.79,21.93,43.36
20,2014,38,0.329,294.95,64.79,22.87,43.83
20,2014,39,0.320,293.57,65.86,24.47,45.16
20,2014,40,0.310,291.92,68.07,25.84,46.96
20,2014,41,0.300,289.90,70.96,29.10,50.03
20,2014,42,0.287,288.32,74.40,29.98,52.19
20,2014,43,0.270,287.25,76.94,24.09,50.51
20,2014,44,0.247,285.90,76.78,20.06,48.42
20,2014,45,0.233,284.29,78.75,18.96,48.86
20,2014,46,0.212,282.94,76.63,16.40,46.51
20,2014,47,0.194,281.25,74.54,16.42,45.48
20,2014,48,0.180,280.38,72.75,14.08,43.41
20,2014,49,0.168,279.57,72.96,12.22,42.59
20,2014,50,0.163,279.55,77.68,6.78,42.23
20,2014,51,0.159,279.20,81.38,5.01,43.20
20,2014,52,0.156,278.42,81.41,7.52,44.46
20,2015,01,0.158,278.10,80.69,9.13,44.91
20,2015,02,0.162,278.39,80.06,8.94,44.50
20,2015,03,0.169,279.15,80.39,7.00,43.69
20,2015,04,0.176,279.80,81.11,6.54,43.83
20,2015,05,0.179,279.76,80.12,9.80,44.96
20,2015,06,0.186,280.39,81.42,10.73,46.08
20,2015,07,0.196,281.23,83.04,12.94,47.99
20,2015,08,0.206,282.46,84.08,14.55,49.32
20,2015,09,0.219,284.18,85.08,12.54,48.81
20,2015,10,0.229,285.26,83.28,13.09,48.19
20,2015,11,0.237,285.77,79.77,17.43,48.60
20,2015,12,0.249,286.18,77.77,24.38,51.07
20,2015,13,0.262,286.77,76.44,33.13,54.79
20,2015,14,0.278,287.93,76.23,35.19,55.71
20,2015,15,0.292,289.24,74.80,36.35,55.58
20,2015,16,0.310,290.53,73.76,35.23,54.49
20,2015,17,0.346,291.76,76.15,37.78,56.97
20,2015,18,0.383,292.90,79.34,39.82,59.58
20,2015,19,0.411,293.96,79.96,37.89,58.93
20,2015,20,0.432,294.68,80.37,40.27,60.32
20,2015,21,0.449,295.54,81.37,38.46,59.91
20,2015,22,0.459,295.82,81.10,42.95,62.03
20,2015,23,0.463,295.96,80.67,47.63,64.15
20,2015,24,0.466,296.37,80.92,51.42,66.17
20,2015,25,0.469,296.69,81.59,53.71,67.65
20,2015,26,0.470,297.07,82.85,54.34,68.59
20,2015,27,0.468,297.52,84.80,50.98,67.89
20,2015,28,0.465,298.36,86.35,44.30,65.33
20,2015,29,0.463,299.42,87.61,35.98,61.80
20,2015,30,0.457,300.19,87.81,29.19,58.50
20,2015,31,0.446,300.59,87.03,24.36,55.70
20,2015,32,0.436,301.00,86.27,18.88,52.58
20,2015,33,0.426,301.11,83.85,14.03,48.94
20,2015,34,0.416,300.79,82.49,11.74,47.12
20,2015,35,0.403,300.09,80.40,9.90,45.15
20,2015,36,0.391,299.22,78.96,6.62,42.79
20,2015,37,0.379,298.14,77.78,5.75,41.77
20,2015,38,0.363,296.83,75.91,6.79,41.35
20,2015,39,0.344,295.10,74.07,12.03,43.05
20,2015,40,0.326,293.01,73.70,17.30,45.50
20,2015,41,0.307,290.40,73.60,24.34,48.97
20,2015,42,0.286,288.32,74.34,27.25,50.80
20,2015,43,0.266,286.59,75.25,26.09,50.67
20,2015,44,0.244,285.37,75.36,21.67,48.51
20,2015,45,0.228,284.46,76.68,16.70,46.69
20,2015,46,0.206,283.04,73.89,15.12,44.51
20,2015,47,0.189,281.42,71.98,14.84,43.41
20,2015,48,0.175,280.26,70.63,14.14,42.38
20,2015,49,0.166,278.78,72.14,15.61,43.88
20,2015,50,0.160,277.70,76.28,15.31,45.80
20,2015,51,0.158,276.85,80.56,16.20,48.38
20,2015,52,0.160,275.97,83.87,19.36,51.62
20,2016,01,0.161,274.80,82.92,25.22,54.07
20,2016,02,0.160,273.34,78.99,32.08,55.53
20,2016,03,0.164,274.14,78.47,28.66,53.56
20,2016,04,0.170,275.52,78.40,24.93,51.66
20,2016,05,0.173,275.94,77.37,26.20,51.79
20,2016,06,0.173,276.66,75.09,26.97,51.03
20,2016,07,0.173,277.59,71.51,29.69,50.60
20,2016,08,0.177,278.77,69.80,32.64,51.22
20,2016,09,0.177,279.58,65.90,36.55,51.23
20,2016,10,0.189,281.45,65.67,35.04,50.36
20,2016,11,0.241,284.74,81.47,24.73,53.10
20,2016,12,0.262,286.70,82.99,22.09,52.54
20,2016,13,0.285,288.39,85.20,22.07,53.64
20,2016,14,0.304,289.55,85.49,23.25,54.37
20,2016,15,0.325,290.10,86.17,29.46,57.81
20,2016,16,0.354,291.20,88.83,28.70,58.77
20,2016,17,0.396,292.08,92.40,34.42,63.41
20,2016,18,0.425,292.71,92.98,42.11,67.54
20,2016,19,0.441,293.64,89.58,42.12,65.86
20,2016,20,0.447,294.33,85.11,44.21,64.66
20,2016,21,0.451,294.97,81.97,44.06,63.01
20,2016,22,0.451,295.74,78.19,42.32,60.26
20,2016,23,0.446,296.44,74.67,40.49,57.58
20,2016,24,0.439,297.56,71.18,35.75,53.46
20,2016,25,0.431,298.87,68.61,27.21,47.91
20,2016,26,0.426,299.88,68.43,23.17,45.80
20,2016,27,0.418,300.63,68.54,17.69,43.12
20,2016,28,0.408,300.94,67.90,17.33,42.62
20,2016,29,0.402,301.24,67.56,16.67,42.12
20,2016,30,0.395,301.30,67.03,17.07,42.05
20,2016,31,0.385,301.15,66.91,18.30,42.61
20,2016,32,0.377,300.82,66.58,20.22,43.40
20,2016,33,0.369,300.32,65.40,21.11,43.26
20,2016,34,0.363,299.56,65.61,23.02,44.31
20,2016,35,0.353,298.94,64.81,20.02,42.42
20,2016,36,0.343,297.84,63.84,18.48,41.16
20,2016,37,0.330,296.58,62.04,18.71,40.37
20,2016,38,0.317,295.36,60.82,19.43,40.12
20,2016,39,0.303,293.78,60.48,22.84,41.66
20,2016,40,0.289,292.09,60.87,24.41,42.64
20,2016,41,0.274,289.86,61.93,28.89,45.41
20,2016,42,0.256,287.48,63.25,33.69,48.47
20,2016,43,0.236,285.40,63.81,33.98,48.89
20,2016,44,0.216,283.41,64.42,33.15,48.78
20,2016,45,0.205,281.44,67.01,32.86,49.93
20,2016,46,0.186,279.32,65.21,33.75,49.48
20,2016,47,0.169,276.87,62.67,36.67,49.67
20,2016,48,0.153,274.55,59.98,40.87,50.42
20,2016,49,0.144,273.18,60.41,41.07,50.74
20,2016,50,0.133,271.95,60.52,40.98,50.75
20,2016,51,0.128,271.25,61.90,41.24,51.57
20,2016,52,0.127,270.49,63.13,43.18,53.15
20,2017,01,0.133,270.56,65.41,42.79,54.10
20,2017,02,0.143,271.55,68.66,38.77,53.72
20,2017,03,0.152,272.95,71.06,33.20,52.13
20,2017,04,0.162,275.20,73.79,26.11,49.95
20,2017,05,0.170,276.30,75.72,24.43,50.07
20,2017,06,0.179,278.40,78.11,19.53,48.82
20,2017,07,0.188,280.79,79.41,15.26,47.34
20,2017,08,0.195,282.78,79.04,13.15,46.10
20,2017,09,0.206,284.47,79.36,11.32,45.34
20,2017,10,0.219,286.01,78.72,9.51,44.11
20,2017,11,0.229,287.30,76.60,8.74,42.67
20,2017,12,0.249,288.64,77.99,8.18,43.09
20,2017,13,0.270,289.84,79.93,9.24,44.58
20,2017,14,0.290,290.79,80.60,11.33,45.97
20,2017,15,0.310,291.58,81.08,14.79,47.94
20,2017,16,0.332,292.18,81.15,19.13,50.14
20,2017,17,0.365,292.47,81.92,30.60,56.26
20,2017,18,0.398,292.78,83.74,40.81,62.28
20,2017,19,0.430,293.48,85.83,42.69,64.26
20,2017,20,0.453,293.96,87.03,47.26,67.14
20,2017,21,0.468,294.56,87.48,47.79,67.63
20,2017,22,0.475,294.93,86.39,50.96,68.67
20,2017,23,0.477,295.44,85.01,51.73,68.37
20,2017,24,0.477,296.38,84.26,49.46,66.86
20,2017,25,0.476,296.95,83.61,49.03,66.32
20,2017,26,0.473,297.42,83.63,48.56,66.09
20,2017,27,0.465,297.76,83.62,45.65,64.63
20,2017,28,0.457,298.18,83.70,43.03,63.37
20,2017,29,0.450,298.49,83.04,41.65,62.34
20,2017,30,0.441,298.88,81.88,38.61,60.25
20,2017,31,0.429,299.05,81.07,37.05,59.06
20,2017,32,0.421,298.90,80.76,37.46,59.11
20,2017,33,0.415,298.61,79.63,37.73,58.68
20,2017,34,0.409,298.36,79.60,35.41,57.50
20,2017,35,0.398,298.20,78.27,28.12,53.19
20,2017,36,0.385,297.49,76.68,22.40,49.54
20,2017,37,0.375,296.49,76.09,20.32,48.21
20,2017,38,0.363,295.45,75.47,19.32,47.39
20,2017,39,0.343,293.64,73.31,24.40,48.85
20,2017,40,0.324,291.66,72.66,27.95,50.30
20,2017,41,0.304,289.29,72.35,33.03,52.69
20,2017,42,0.278,287.14,71.33,36.54,53.94
20,2017,43,0.249,285.33,69.01,34.96,51.98
20,2017,44,0.215,284.17,63.84,28.54,46.19
20,2017,45,0.199,282.31,64.15,28.28,46.21
20,2017,46,0.182,281.47,62.66,22.46,42.56
20,2017,47,0.165,280.48,60.75,18.56,39.65
20,2017,48,0.151,279.79,58.64,15.46,37.05
20,2017,49,0.142,279.19,59.40,13.08,36.24
20,2017,50,0.137,278.76,62.63,9.65,36.14
20,2017,51,0.140,278.72,69.46,6.64,38.05
20,2017,52,0.148,279.08,74.71,8.86,41.78
20,2018,01,0.154,278.64,81.84,3.84,42.84
20,2018,02,0.161,277.75,83.82,7.03,45.42
20,2018,03,0.168,277.61,83.79,11.24,47.52
20,2018,04,0.177,278.64,84.30,12.08,48.19
20,2018,05,0.182,278.86,85.85,10.70,48.27
20,2018,06,0.187,279.43,85.78,12.33,49.05
20,2018,07,0.194,280.70,85.00,14.82,49.91
20,2018,08,0.201,281.81,84.69,15.55,50.12
20,2018,09,0.210,282.93,84.64,16.35,50.50
20,2018,10,0.222,283.92,83.22,19.57,51.39
20,2018,11,0.242,285.41,81.26,22.62,51.94
20,2018,12,0.260,287.12,82.08,19.86,50.97
20,2018,13,0.280,288.70,82.72,18.48,50.60
20,2018,14,0.304,290.40,84.99,15.24,50.11
20,2018,15,0.327,291.74,87.24,12.84,50.04
20,2018,16,0.352,292.82,87.58,12.14,49.86
20,2018,17,0.382,293.73,87.43,16.42,51.93
20,2018,18,0.406,294.46,86.23,22.88,54.56
20,2018,19,0.425,295.23,84.08,22.88,53.48
20,2018,20,0.436,295.67,81.65,28.37,55.01
20,2018,21,0.444,296.25,80.04,28.98,54.51
20,2018,22,0.448,297.14,77.41,26.53,51.97
20,2018,23,0.447,297.73,75.05,27.02,51.03
20,2018,24,0.446,298.07,73.71,30.57,52.14
20,2018,25,0.445,298.50,73.20,31.98,52.59
20,2018,26,0.442,298.88,73.72,33.82,53.77
20,2018,27,0.438,298.73,75.29,36.52,55.91
20,2018,28,0.435,298.67,77.48,39.06,58.27
20,2018,29,0.434,298.74,78.79,40.29,59.54
20,2018,30,0.430,298.90,79.22,39.27,59.24
20,2018,31,0.424,298.95,79.84,38.65,59.25
20,2018,32,0.419,299.33,80.58,34.17,57.38
20,2018,33,0.412,299.66,79.32,27.26,53.29
20,2018,34,0.407,299.26,79.64,25.78,52.71
20,2018,35,0.400,298.74,79.35,21.92,50.64
20,2018,36,0.395,297.74,80.20,19.28,49.74
20,2018,37,0.390,296.11,81.20,22.67,51.93
20,2018,38,0.386,295.01,83.14,22.05,52.59
20,2018,39,0.381,294.26,85.78,17.91,51.84
20,2018,40,0.366,293.06,87.26,16.17,51.72
20,2018,41,0.347,291.51,87.78,16.78,52.28
20,2018,42,0.324,290.29,88.08,14.46,51.27
20,2018,43,0.296,288.88,86.91,11.79,49.35
20,2018,44,0.269,286.98,85.79,12.22,49.01
20,2018,45,0.249,284.77,85.51,15.01,50.26
20,2018,46,0.226,282.15,83.14,20.02,51.58
20,2018,47,0.215,281.39,84.34,15.64,49.99
