provinceID,year,week,SMN,SMT,VCI,TCI,VHI
5,2000,01,0.028,257.51,28.08,49.96,39.02
5,2000,02,0.027,255.96,29.87,54.62,42.24
5,2000,03,0.028,254.40,30.93,60.39,45.66
5,2000,04,0.030,253.99,31.84,62.93,47.38
5,2000,05,0.030,253.33,29.91,68.01,48.96
5,2000,06,0.030,253.30,25.52,71.71,48.61
5,2000,07,0.030,254.96,20.90,71.75,46.32
5,2000,08,0.032,257.12,19.80,71.77,45.79
5,2000,09,0.035,259.48,18.63,72.44,45.54
5,2000,10,0.040,261.76,17.10,74.40,45.75
5,2000,11,0.048,266.15,19.04,70.25,44.65
5,2000,12,0.061,271.10,22.63,64.00,43.32
5,2000,13,0.079,276.81,27.33,53.46,40.39
5,2000,14,0.102,282.80,32.67,39.65,36.16
5,2000,15,0.132,287.38,38.07,31.72,34.90
5,2000,16,0.172,291.42,45.04,25.92,35.48
5,2000,17,0.217,294.14,51.89,26.57,39.23
5,2000,18,0.255,294.74,55.69,39.73,47.71
5,2000,19,0.283,295.49,54.56,51.87,53.21
5,2000,20,0.308,297.05,53.39,52.61,53.00
5,2000,21,0.328,298.17,51.84,53.13,52.48
5,2000,22,0.344,298.83,48.50,53.62,51.06
5,2000,23,0.354,298.91,45.44,55.70,50.57
5,2000,24,0.369,299.03,48.46,57.30,52.88
5,2000,25,0.381,299.07,55.87,60.23,58.05
5,2000,26,0.385,298.99,59.15,63.72,61.44
5,2000,27,0.381,298.94,58.27,64.84,61.55
5,2000,28,0.374,298.88,57.04,64.44,60.74
5,2000,29,0.366,298.96,56.57,64.85,60.71
5,2000,30,0.355,299.14,56.23,65.05,60.64
5,2000,31,0.335,298.72,51.70,68.76,60.23
5,2000,32,0.311,298.20,45.34,71.94,58.64
5,2000,33,0.289,298.01,39.84,71.57,55.71
5,2000,34,0.262,297.19,32.37,75.40,53.88
5,2000,35,0.236,295.63,27.01,82.08,54.55
5,2000,36,0.213,293.90,23.64,84.45,54.04
5,2000,37,0.197,292.42,24.62,82.83,53.72
5,2000,38,0.190,291.67,30.03,73.41,51.72
5,2000,39,0.182,290.88,36.02,58.35,47.19
5,2000,40,0.173,289.78,41.89,43.97,42.93
5,2000,41,0.159,288.26,44.82,31.21,38.01
5,2000,42,0.139,286.07,43.16,25.44,34.30
5,2000,43,0.118,283.54,40.16,25.94,33.05
5,2000,44,0.093,280.90,33.45,23.75,28.60
5,2000,45,0.073,278.59,28.22,21.27,24.74
5,2000,46,0.059,275.94,25.32,22.06,23.69
5,2000,47,0.050,273.76,23.89,20.26,22.08
5,2000,48,0.046,272.82,25.37,13.57,19.47
5,2000,49,0.044,271.86,27.80,9.45,18.63
5,2000,50,0.040,270.11,26.54,9.00,17.77
5,2000,51,0.036,268.73,28.25,9.08,18.67
5,2000,52,0.038,267.59,34.88,10.63,22.76
5,2001,01,0.042,265.85,45.99,15.69,30.84
5,2001,02,0.043,264.04,49.36,21.76,35.56
5,2001,03,0.047,262.23,53.28,29.41,41.34
5,2001,04,0.048,261.41,52.44,35.28,43.86
5,2001,05,0.046,260.22,46.06,43.76,44.91
5,2001,06,0.048,259.82,42.72,50.16,46.44
5,2001,07,0.054,260.15,40.60,55.03,47.82
5,2001,08,0.065,262.78,43.07,53.57,48.32
5,2001,09,0.082,267.37,48.42,46.96,47.69
5,2001,10,0.107,272.65,56.53,39.34,47.93
5,2001,11,0.138,277.25,66.46,32.05,49.25
5,2001,12,0.164,281.21,72.25,27.19,49.72
5,2001,13,0.191,284.60,77.59,24.23,50.91
5,2001,14,0.217,286.90,80.31,24.08,52.20
5,2001,15,0.240,289.05,79.68,24.94,52.31
5,2001,16,0.268,291.20,79.25,27.05,53.15
5,2001,17,0.303,293.11,80.90,32.68,56.79
5,2001,18,0.337,294.23,83.05,43.43,63.24
5,2001,19,0.365,294.82,83.38,57.17,70.28
5,2001,20,0.385,295.44,82.80,66.63,74.72
5,2001,21,0.394,295.51,79.85,77.56,78.71
5,2001,22,0.399,295.27,74.82,86.06,80.44
5,2001,23,0.397,295.51,68.55,87.05,77.80
5,2001,24,0.398,296.33,65.45,83.10,74.28
5,2001,25,0.400,297.47,66.45,75.93,71.19
5,2001,26,0.400,298.89,67.49,64.78,66.14
5,2001,27,0.397,300.23,66.73,52.61,59.67
5,2001,28,0.386,301.21,63.68,42.63,53.16
5,2001,29,0.370,301.71,59.06,38.94,49.00
5,2001,30,0.357,302.55,57.69,32.52,45.10
5,2001,31,0.343,303.26,56.36,26.10,41.23
5,2001,32,0.320,302.74,50.74,29.37,40.05
5,2001,33,0.298,301.85,45.28,35.20,40.24
5,2001,34,0.281,301.05,42.42,38.34,40.38
5,2001,35,0.263,299.38,40.76,46.49,43.62
5,2001,36,0.248,297.50,41.92,50.33,46.13
5,2001,37,0.235,295.65,44.58,50.50,47.54
5,2001,38,0.225,293.97,49.03,48.28,48.66
5,2001,39,0.215,292.32,54.03,42.69,48.36
5,2001,40,0.203,289.43,57.94,48.04,52.99
5,2001,41,0.191,286.51,61.60,49.69,55.64
5,2001,42,0.178,284.18,62.37,43.66,53.02
5,2001,43,0.164,281.19,62.01,44.12,53.07
5,2001,44,0.145,277.90,59.17,42.65,50.91
5,2001,45,0.122,273.74,53.02,48.85,50.94
5,2001,46,0.099,268.74,46.53,59.55,53.04
5,2001,47,0.085,264.85,43.83,65.33,54.58
5,2001,48,0.069,260.41,40.22,72.47,56.35
5,2001,49,0.060,257.03,39.54,75.34,57.44
5,2001,50,0.056,255.10,40.16,74.19,57.18
5,2001,51,0.053,253.93,44.27,71.85,58.06
5,2001,52,0.051,253.74,48.71,68.05,58.38
5,2002,01,0.049,254.57,55.20,63.15,59.17
5,2002,02,0.050,256.58,56.60,52.93,54.76
5,2002,03,0.055,260.30,60.87,37.46,49.16
5,2002,04,0.058,263.30,61.78,28.61,45.20
5,2002,05,0.060,266.16,58.74,22.97,40.86
5,2002,06,0.068,269.36,59.35,18.13,38.74
5,2002,07,0.083,272.59,62.13,14.77,38.45
5,2002,08,0.097,275.69,64.80,12.42,38.61
5,2002,09,0.112,278.65,66.59,11.13,38.86
5,2002,10,0.125,281.36,66.26,11.24,38.75
5,2002,11,0.145,284.25,69.68,7.97,38.82
5,2002,12,0.166,286.78,72.94,6.87,39.90
5,2002,13,0.187,289.30,76.25,6.49,41.37
5,2002,14,0.210,291.45,77.64,6.60,42.12
5,2002,15,0.233,293.30,77.17,7.22,42.20
5,2002,16,0.257,295.12,75.97,8.54,42.25
5,2002,17,0.288,296.90,76.45,9.93,43.19
5,2002,18,0.322,298.14,78.80,15.17,46.99
5,2002,19,0.353,299.27,80.26,21.36,50.81
5,2002,20,0.377,300.10,80.26,26.13,53.19
5,2002,21,0.390,300.25,78.34,34.46,56.40
5,2002,22,0.396,300.13,73.63,41.98,57.80
5,2002,23,0.393,299.98,66.43,45.85,56.14
5,2002,24,0.383,300.16,56.50,46.41,51.46
5,2002,25,0.373,301.10,50.04,40.43,45.24
5,2002,26,0.362,301.97,45.04,34.95,39.99
5,2002,27,0.348,302.49,38.80,31.35,35.08
5,2002,28,0.336,302.73,35.82,28.65,32.24
5,2002,29,0.321,302.46,32.98,32.05,32.52
5,2002,30,0.314,301.69,35.38,40.89,38.14
5,2002,31,0.313,301.37,41.18,43.92,42.55
5,2002,32,0.309,301.35,45.76,42.30,44.03
5,2002,33,0.302,300.81,48.05,45.08,46.56
5,2002,34,0.289,300.01,47.64,48.63,48.13
5,2002,35,0.272,298.51,46.60,55.32,50.96
5,2002,36,0.254,296.45,45.78,61.34,53.56
5,2002,37,0.238,293.56,46.67,73.59,60.13
5,2002,38,0.225,290.42,50.13,88.71,69.42
5,2002,39,0.217,287.92,56.16,90.97,73.56
5,2002,40,0.212,286.29,63.48,81.50,72.49
5,2002,41,0.205,284.31,69.24,72.41,70.83
5,2002,42,0.196,282.13,71.78,62.77,67.27
5,2002,43,0.180,279.28,70.36,58.20,64.28
5,2002,44,0.166,276.84,69.75,48.72,59.23
5,2002,45,0.153,274.31,69.48,44.96,57.22
5,2002,46,0.143,271.35,71.48,45.57,58.53
5,2002,47,0.136,268.50,74.98,46.75,60.86
5,2002,48,0.132,266.40,81.71,44.49,63.10
5,2002,49,0.128,265.53,88.87,37.73,63.30
5,2002,50,0.118,263.90,92.58,35.57,64.08
5,2002,51,0.103,261.28,92.48,40.19,66.34
5,2002,52,0.086,260.16,88.40,40.79,64.59
5,2003,01,0.069,259.56,77.23,41.54,59.39
5,2003,02,0.053,257.89,61.47,46.90,54.18
5,2003,03,0.044,256.13,49.12,53.66,51.39
5,2003,04,0.036,254.11,38.54,62.76,50.65
5,2003,05,0.029,254.43,28.92,64.78,46.85
5,2003,06,0.024,254.99,20.68,66.79,43.73
5,2003,07,0.022,256.02,14.53,68.84,41.68
5,2003,08,0.021,256.94,11.79,72.61,42.20
5,2003,09,0.021,258.74,9.67,75.18,42.42
5,2003,10,0.025,261.58,8.24,75.80,42.02
5,2003,11,0.033,264.06,10.64,77.60,44.12
5,2003,12,0.045,267.45,14.68,76.94,45.81
5,2003,13,0.062,272.93,19.80,67.84,43.82
5,2003,14,0.083,279.09,24.39,53.68,39.03
5,2003,15,0.107,284.64,28.25,42.88,35.56
5,2003,16,0.134,289.39,31.28,35.09,33.18
5,2003,17,0.163,293.68,32.86,28.76,30.81
5,2003,18,0.194,297.27,34.27,21.18,27.73
5,2003,19,0.226,300.27,34.04,14.87,24.46
5,2003,20,0.258,302.22,34.37,12.14,23.25
5,2003,21,0.284,303.18,33.42,13.00,23.21
5,2003,22,0.305,303.40,30.48,15.77,23.12
5,2003,23,0.321,302.73,28.17,21.90,25.03
5,2003,24,0.335,301.37,29.00,35.02,32.01
5,2003,25,0.350,299.80,36.27,53.35,44.81
5,2003,26,0.368,298.40,48.01,69.27,58.64
5,2003,27,0.387,297.42,60.29,78.47,69.38
5,2003,28,0.406,296.81,73.36,82.59,77.98
5,2003,29,0.419,296.43,82.93,86.58,84.75
5,2003,30,0.426,296.50,89.10,87.94,88.52
5,2003,31,0.428,296.48,92.87,87.72,90.29
5,2003,32,0.418,296.41,93.47,86.82,90.15
5,2003,33,0.402,296.68,92.52,83.45,87.98
5,2003,34,0.381,296.31,90.14,83.77,86.95
5,2003,35,0.358,295.76,87.86,81.84,84.85
5,2003,36,0.334,295.05,85.04,75.30,80.17
5,2003,37,0.307,294.22,81.55,66.16,73.86
5,2003,38,0.278,293.07,77.14,58.37,67.75
5,2003,39,0.251,291.17,72.96,55.09,64.02
5,2003,40,0.223,288.48,68.27,58.18,63.22
5,2003,41,0.197,286.09,64.58,54.24,59.41
5,2003,42,0.172,283.28,59.62,51.90,55.76
5,2003,43,0.150,280.55,56.28,48.62,52.45
5,2003,44,0.133,277.97,54.10,41.71,47.91
5,2003,45,0.113,275.55,49.48,37.99,43.73
5,2003,46,0.096,272.89,46.29,37.41,41.85
5,2003,47,0.084,269.33,44.24,42.10,43.17
5,2003,48,0.074,265.40,44.26,48.61,46.43
5,2003,49,0.068,260.65,45.42,58.87,52.15
5,2003,50,0.062,255.43,45.08,70.75,57.91
5,2003,51,0.055,248.48,46.26,85.42,65.84
5,2003,52,0.050,239.48,48.47,96.27,72.37
5,2004,01,0.046,231.71,51.50,98.13,74.81
5,2004,05,0.048,237.88,47.44,96.59,72.01
5,2004,06,0.050,244.38,43.38,91.05,67.22
5,2004,07,0.053,250.67,39.04,82.30,60.67
5,2004,08,0.058,256.16,37.65,74.29,55.97
5,2004,09,0.064,260.83,36.77,68.29,52.53
5,2004,10,0.069,263.34,33.99,69.53,51.76
5,2004,25,0.413,295.93,71.80,85.12,78.46
5,2004,26,0.410,295.51,71.00,89.26,80.13
5,2004,27,0.415,295.67,74.77,89.70,82.24
5,2004,28,0.416,295.80,77.79,88.78,83.29
5,2004,30,0.409,295.97,82.15,90.84,86.49
5,2004,31,0.402,296.02,84.87,90.94,87.91
5,2004,32,0.394,296.06,87.13,89.99,88.56
5,2004,33,0.382,295.85,87.83,90.31,89.07
5,2004,34,0.373,295.66,89.70,89.05,89.38
5,2004,35,0.363,295.37,91.80,84.99,88.40
5,2004,36,0.346,295.05,91.47,75.26,83.37
5,2004,37,0.324,294.18,90.35,66.56,78.46
5,2004,38,0.300,292.64,88.75,63.42,76.09
5,2004,39,0.277,290.69,87.00,60.60,73.80
5,2004,40,0.253,288.61,84.18,56.68,70.43
5,2004,41,0.230,286.53,81.26,49.25,65.26
5,2004,42,0.209,284.23,77.67,42.84,60.25
5,2004,43,0.191,281.97,75.36,38.19,56.77
5,2004,44,0.171,279.80,72.10,30.85,51.48
5,2004,45,0.149,276.72,67.45,32.00,49.73
5,2004,46,0.129,273.01,63.63,37.47,50.55
5,2004,47,0.113,270.11,61.54,38.88,50.21
5,2004,48,0.101,267.48,62.03,39.56,50.79
5,2004,49,0.090,265.80,61.93,36.86,49.39
5,2004,50,0.082,264.23,62.41,34.67,48.54
5,2004,51,0.079,263.63,69.30,30.44,49.87
5,2004,52,0.076,263.56,74.76,26.89,50.82
5,2005,01,0.072,262.66,79.28,29.01,54.14
5,2005,02,0.069,262.01,77.29,30.34,53.82
5,2005,03,0.064,260.15,70.76,37.97,54.36
5,2005,04,0.060,258.51,64.62,46.74,55.68
5,2005,05,0.058,257.11,58.82,55.68,57.25
5,2005,06,0.057,257.41,50.27,59.05,54.66
5,2005,07,0.058,258.92,43.61,59.87,51.74
5,2005,08,0.062,261.65,41.38,57.87,49.63
5,2005,09,0.067,264.00,39.27,58.59,48.93
5,2005,10,0.078,267.50,39.48,56.72,48.10
5,2005,11,0.092,271.25,42.33,53.08,47.70
5,2005,12,0.105,275.25,44.21,49.09,46.65
5,2005,13,0.124,279.41,47.97,43.87,45.92
5,2005,14,0.144,283.62,50.34,36.67,43.50
5,2005,15,0.166,287.88,51.66,29.78,40.72
5,2005,16,0.195,290.89,53.69,28.50,41.09
5,2005,17,0.229,293.24,56.16,32.07,44.12
5,2005,18,0.269,295.34,60.35,35.47,47.91
5,2005,19,0.306,296.86,62.96,40.80,51.88
5,2005,20,0.347,298.60,68.35,39.18,53.77
5,2005,21,0.373,299.49,70.85,41.39,56.12
5,2005,22,0.388,299.33,69.63,49.43,59.53
5,2005,23,0.398,298.79,68.73,57.21,62.97
5,2005,24,0.405,298.46,68.86,63.01,65.93
5,2005,25,0.407,298.07,70.43,70.07,70.25
5,2005,26,0.411,298.19,73.49,71.42,72.45
5,2005,27,0.413,298.73,74.89,66.85,70.87
5,2005,28,0.410,299.26,75.64,60.90,68.27
5,2005,29,0.397,299.56,73.23,58.93,66.08
5,2005,30,0.387,300.21,73.06,54.84,63.95
5,2005,31,0.374,300.71,72.61,50.10,61.36
5,2005,32,0.359,301.14,71.75,44.51,58.13
5,2005,33,0.340,301.52,68.54,38.38,53.46
5,2005,34,0.317,301.54,62.77,33.68,48.23
5,2005,35,0.293,301.18,57.71,28.95,43.33
5,2005,36,0.270,300.40,54.07,21.26,37.66
5,2005,37,0.250,299.26,52.63,13.15,32.89
5,2005,38,0.232,297.87,52.78,8.10,30.44
5,2005,39,0.211,295.85,52.28,7.29,29.78
5,2005,40,0.194,292.91,53.48,11.89,32.69
5,2005,41,0.177,289.95,54.32,14.51,34.42
5,2005,42,0.158,286.85,52.70,18.61,35.66
5,2005,43,0.141,283.85,51.21,24.16,37.68
5,2005,44,0.124,279.98,49.02,30.06,39.54
5,2005,45,0.104,276.07,44.39,36.25,40.32
5,2005,46,0.086,272.98,39.88,38.12,39.00
5,2005,47,0.072,269.54,36.54,42.12,39.33
5,2005,48,0.062,266.18,35.63,45.77,40.70
5,2005,49,0.057,263.28,37.52,48.31,42.92
5,2005,50,0.055,262.31,39.05,43.21,41.13
5,2005,51,0.054,261.96,45.48,37.50,41.49
5,2005,52,0.052,260.87,50.42,37.74,44.08
5,2006,01,0.049,259.00,55.23,43.67,49.45
5,2006,02,0.048,258.31,55.41,44.76,50.09
5,2006,03,0.046,258.11,51.40,45.11,48.26
5,2006,04,0.042,257.47,45.51,49.27,47.39
5,2006,05,0.040,256.94,40.32,55.09,47.70
5,2006,06,0.037,257.55,32.63,58.03,45.33
5,2006,07,0.037,258.90,26.23,59.71,42.97
5,2006,08,0.037,260.04,23.29,63.12,43.20
5,2006,09,0.039,261.40,20.97,66.96,43.97
5,2006,10,0.047,264.56,21.05,66.22,43.64
5,2006,11,0.060,269.33,25.30,59.75,42.52
5,2006,12,0.077,275.19,30.17,49.25,39.71
5,2006,13,0.099,280.66,36.19,38.93,37.56
5,2006,14,0.122,285.72,40.96,28.31,34.64
5,2006,15,0.148,289.52,44.29,22.57,33.43
5,2006,16,0.177,292.25,46.85,21.39,34.12
5,2006,17,0.206,294.05,48.07,26.44,37.26
5,2006,18,0.242,295.91,51.04,31.00,41.02
5,2006,19,0.283,297.59,54.81,34.63,44.72
5,2006,20,0.326,298.66,60.47,38.50,49.48
5,2006,21,0.357,299.47,64.52,41.49,53.00
5,2006,22,0.380,299.82,66.13,44.86,55.50
5,2006,23,0.401,299.98,70.33,45.96,58.15
5,2006,24,0.412,300.15,73.65,46.56,60.11
5,2006,25,0.417,300.23,76.59,48.86,62.73
5,2006,26,0.419,300.57,78.61,48.19,63.40
5,2006,27,0.419,301.06,79.02,44.63,61.83
5,2006,28,0.412,301.33,77.15,41.46,59.31
5,2006,29,0.398,301.72,73.80,38.78,56.29
5,2006,30,0.381,301.92,69.95,38.47,54.21
5,2006,31,0.365,302.12,68.25,36.61,52.43
5,2006,32,0.348,302.27,66.02,33.54,49.78
5,2006,33,0.327,301.76,61.90,35.75,48.82
5,2006,34,0.305,300.76,56.72,41.07,48.90
5,2006,35,0.290,299.57,56.65,44.64,50.64
5,2006,36,0.274,298.42,57.42,41.06,49.24
5,2006,37,0.257,297.25,57.28,33.01,45.14
5,2006,38,0.240,295.95,58.35,25.60,41.98
5,2006,39,0.223,294.38,59.36,19.64,39.50
5,2006,40,0.204,292.35,58.86,16.72,37.79
5,2006,41,0.182,289.76,56.68,15.98,36.33
5,2006,42,0.162,286.98,54.44,17.14,35.79
5,2006,43,0.145,284.45,53.03,19.65,36.34
5,2006,44,0.130,281.95,51.71,18.02,34.86
5,2006,45,0.112,279.38,47.95,17.77,32.86
5,2006,46,0.098,277.29,45.96,15.84,30.90
5,2006,47,0.088,275.42,45.67,12.70,29.19
5,2006,48,0.082,273.87,48.78,9.43,29.10
5,2006,49,0.077,272.39,51.91,7.50,29.70
5,2006,50,0.074,270.53,55.11,7.14,31.13
5,2006,51,0.074,268.96,63.76,7.90,35.83
5,2006,52,0.077,268.25,76.71,7.95,42.33
5,2007,01,0.080,267.85,89.39,8.18,48.79
5,2007,02,0.079,267.27,88.23,9.89,49.06
5,2007,03,0.079,267.20,86.49,11.24,48.86
5,2007,04,0.084,267.65,87.66,13.38,50.52
5,2007,05,0.093,269.05,90.20,13.41,51.80
5,2007,06,0.103,270.59,89.45,14.17,51.81
5,2007,07,0.115,272.98,86.56,13.32,49.94
5,2007,08,0.125,275.53,84.33,12.72,48.52
5,2007,09,0.137,278.53,82.84,11.30,47.07
5,2007,10,0.145,282.01,78.09,8.92,43.51
5,2007,11,0.154,284.82,74.81,5.90,40.35
5,2007,12,0.167,287.40,73.94,4.60,39.27
5,2007,13,0.186,290.02,75.65,3.84,39.75
5,2007,14,0.205,292.21,75.53,3.74,39.64
5,2007,15,0.219,293.76,71.73,5.43,38.58
5,2007,16,0.241,295.39,69.89,7.28,38.58
5,2007,17,0.268,297.37,69.42,7.14,38.28
5,2007,18,0.294,299.56,69.06,5.21,37.14
5,2007,19,0.319,301.52,67.64,3.70,35.67
5,2007,20,0.338,302.84,64.83,3.12,33.98
5,2007,21,0.353,303.91,62.14,2.41,32.28
5,2007,22,0.360,304.61,56.05,2.53,29.29
5,2007,23,0.358,304.57,47.26,4.51,25.89
5,2007,24,0.359,304.35,42.95,7.01,24.98
5,2007,25,0.364,304.44,45.31,8.62,26.97
5,2007,26,0.363,304.68,46.33,9.43,27.88
5,2007,27,0.358,305.08,44.91,7.79,26.35
5,2007,28,0.348,305.06,43.06,7.94,25.50
5,2007,29,0.338,305.16,42.60,7.92,25.26
5,2007,30,0.326,305.35,42.17,7.26,24.72
5,2007,31,0.311,305.48,40.48,6.69,23.58
5,2007,32,0.297,305.37,39.05,6.22,22.64
5,2007,33,0.283,305.00,37.36,6.75,22.05
5,2007,34,0.270,304.45,36.83,7.11,21.97
5,2007,35,0.261,303.43,40.23,8.42,24.33
5,2007,36,0.255,301.71,46.10,8.72,27.41
5,2007,37,0.250,299.56,53.39,8.47,30.93
5,2007,38,0.249,297.56,63.37,7.68,35.52
5,2007,39,0.249,295.65,73.58,6.06,39.82
5,2007,40,0.246,293.47,81.07,5.04,43.06
5,2007,41,0.239,290.35,85.93,9.71,47.82
5,2007,42,0.230,287.45,87.59,12.29,49.94
5,2007,43,0.223,284.34,90.06,19.88,54.97
5,2007,44,0.213,280.69,91.18,25.30,58.24
5,2007,45,0.201,277.81,91.62,26.17,58.89
5,2007,46,0.184,275.43,90.65,25.26,57.96
5,2007,47,0.164,272.95,88.43,25.02,56.73
5,2007,48,0.137,270.05,83.23,27.47,55.35
5,2007,49,0.109,266.84,75.06,32.36,53.71
5,2007,50,0.086,264.65,65.25,33.23,49.24
5,2007,51,0.076,264.20,66.56,28.24,47.40
5,2007,52,0.072,264.34,71.97,23.72,47.85
5,2008,01,0.071,265.17,78.60,18.49,48.54
5,2008,02,0.073,266.07,80.64,13.77,47.21
5,2008,03,0.078,267.62,82.46,8.60,45.53
5,2008,04,0.081,269.32,82.05,6.26,44.15
5,2008,05,0.083,270.55,78.85,7.48,43.17
5,2008,06,0.089,272.47,75.94,7.61,41.78
5,2008,07,0.095,274.31,70.05,8.93,39.49
5,2008,08,0.103,276.52,67.99,9.50,38.74
5,2008,09,0.113,279.20,67.22,9.14,38.18
5,2008,10,0.125,281.06,66.26,12.06,39.16
5,2008,11,0.145,283.25,70.04,11.28,40.66
5,2008,12,0.164,285.19,72.40,12.56,42.48
5,2008,13,0.194,287.20,79.18,14.34,46.76
5,2008,14,0.234,289.81,87.51,12.72,50.11
5,2008,15,0.273,291.78,92.31,13.36,52.84
5,2008,16,0.312,293.21,95.02,17.34,56.18
5,2008,17,0.345,294.52,95.60,23.97,59.78
5,2008,18,0.371,295.17,95.16,36.47,65.81
5,2008,19,0.394,295.85,94.39,48.92,71.66
5,2008,20,0.405,295.91,90.72,62.66,76.69
5,2008,21,0.420,296.77,90.81,66.37,78.59
5,2008,22,0.434,298.12,91.33,60.45,75.89
5,2008,23,0.439,298.92,90.57,55.72,73.15
5,2008,24,0.442,299.54,90.29,52.20,71.25
5,2008,25,0.437,299.77,88.06,53.11,70.58
5,2008,26,0.433,300.32,86.18,50.56,68.37
5,2008,27,0.428,300.98,83.65,45.36,64.50
5,2008,28,0.418,301.21,79.82,42.68,61.25
5,2008,29,0.411,301.70,79.49,39.06,59.27
5,2008,30,0.400,302.64,79.24,31.58,55.41
5,2008,31,0.379,302.52,74.58,32.60,53.59
5,2008,32,0.355,302.58,69.56,30.38,49.97
5,2008,33,0.327,303.25,60.86,21.52,41.19
5,2008,34,0.295,302.83,50.46,20.81,35.64
5,2008,35,0.268,301.97,43.47,20.81,32.14
5,2008,36,0.241,300.35,37.67,20.94,29.31
5,2008,37,0.215,298.04,33.06,23.96,28.51
5,2008,38,0.194,295.38,31.60,31.83,31.71
5,2008,39,0.180,293.33,34.56,31.20,32.88
5,2008,40,0.172,291.68,41.09,23.82,32.45
5,2008,41,0.169,290.04,50.19,12.88,31.54
5,2008,42,0.168,288.33,57.55,4.16,30.85
5,2008,43,0.170,286.92,65.16,0.62,32.89
5,2008,44,0.166,284.64,69.72,0.69,35.21
5,2008,45,0.162,282.12,73.60,1.56,37.58
5,2008,46,0.154,279.80,76.70,2.01,39.35
5,2008,47,0.142,276.95,77.93,4.08,41.01
5,2008,48,0.126,273.90,78.34,8.25,43.29
5,2008,49,0.109,270.52,75.88,14.85,45.37
5,2008,50,0.090,267.04,69.39,21.51,45.45
5,2008,51,0.074,263.06,64.95,32.72,48.84
5,2008,52,0.060,259.40,59.94,44.27,52.11
5,2009,01,0.052,257.06,58.52,52.21,55.37
5,2009,02,0.045,255.42,50.52,57.10,53.81
5,2009,03,0.037,254.15,40.47,61.71,51.09
5,2009,04,0.037,254.18,39.57,62.92,51.25
5,2009,05,0.043,255.93,41.70,59.98,50.84
5,2009,06,0.048,258.56,41.29,55.34,48.31
5,2009,07,0.058,262.59,42.47,47.99,45.23
5,2009,08,0.070,266.77,46.28,41.57,43.92
5,2009,09,0.086,270.84,50.88,36.42,43.65
5,2009,10,0.104,275.02,54.69,31.89,43.29
5,2009,11,0.120,278.89,57.14,26.40,41.77
5,2009,12,0.144,282.41,62.71,22.85,42.78
5,2009,13,0.177,286.47,71.74,17.20,44.47
5,2009,14,0.208,290.38,76.90,10.71,43.81
5,2009,15,0.231,293.05,76.49,8.30,42.40
5,2009,16,0.250,294.28,73.11,12.26,42.68
5,2009,17,0.272,295.40,70.57,18.69,44.63
5,2009,18,0.295,296.68,69.20,25.62,47.41
5,2009,19,0.319,297.68,67.64,34.12,50.88
5,2009,20,0.344,298.75,67.02,37.99,52.51
5,2009,21,0.364,299.68,66.90,39.87,53.39
5,2009,22,0.379,300.66,65.06,37.45,51.26
5,2009,23,0.388,301.88,63.11,28.50,45.80
5,2009,24,0.389,302.35,59.82,25.45,42.63
5,2009,25,0.390,302.88,60.21,23.05,41.63
5,2009,26,0.389,303.57,60.67,19.32,39.99
5,2009,27,0.381,303.74,57.71,19.44,38.57
5,2009,28,0.369,303.50,54.01,21.44,37.72
5,2009,29,0.359,303.21,52.71,25.16,38.93
5,2009,30,0.348,302.96,52.59,28.93,40.76
5,2009,31,0.336,302.88,53.06,30.04,41.55
5,2009,32,0.323,302.74,52.91,29.86,41.38
5,2009,33,0.308,302.53,50.75,29.21,39.98
5,2009,34,0.289,301.97,47.39,30.02,38.70
5,2009,35,0.271,301.23,45.62,28.94,37.28
5,2009,36,0.255,300.01,46.19,25.42,35.80
5,2009,37,0.243,298.36,49.05,21.60,35.33
5,2009,38,0.228,296.25,51.44,22.83,37.14
5,2009,39,0.213,293.90,54.01,25.37,39.69
5,2009,40,0.202,291.60,57.88,24.89,41.38
5,2009,41,0.189,289.31,60.73,20.76,40.75
5,2009,42,0.175,286.38,61.39,22.85,42.12
5,2009,43,0.156,282.45,59.43,34.52,46.97
5,2009,44,0.134,278.36,54.72,39.59,47.15
5,2009,45,0.112,275.21,49.72,39.54,44.63
5,2009,46,0.098,272.23,48.00,39.79,43.90
5,2009,47,0.085,268.20,46.19,46.40,46.30
5,2009,48,0.077,264.80,46.82,50.32,48.57
5,2009,49,0.073,262.24,49.70,51.06,50.38
5,2009,50,0.071,259.67,53.05,52.52,52.78
5,2009,51,0.063,256.67,55.04,58.14,56.59
5,2009,52,0.054,253.95,54.22,64.55,59.38
5,2010,01,0.041,255.19,45.99,58.17,52.08
5,2010,02,0.039,255.77,45.43,54.06,49.75
5,2010,03,0.037,255.23,42.35,55.29,48.82
5,2010,04,0.033,254.38,36.60,59.65,48.13
5,2010,05,0.030,254.66,31.70,61.87,46.79
5,2010,06,0.034,256.61,31.64,59.17,45.41
5,2010,07,0.038,258.92,29.62,57.16,43.39
5,2010,08,0.043,261.63,29.11,55.36,42.23
5,2010,09,0.055,265.99,33.10,50.23,41.67
5,2010,10,0.072,270.88,37.47,44.53,41.00
5,2010,11,0.091,274.79,42.57,40.15,41.36
5,2010,12,0.108,279.27,46.10,34.23,40.16
5,2010,13,0.127,283.15,49.49,29.85,39.67
5,2010,14,0.154,287.02,54.86,23.75,39.31
5,2010,15,0.187,290.91,59.65,17.39,38.52
5,2010,16,0.226,293.71,64.62,15.38,40.00
5,2010,17,0.259,295.94,66.44,15.79,41.11
5,2010,18,0.288,297.62,66.69,19.16,42.92
5,2010,19,0.314,298.74,65.62,25.87,45.75
5,2010,20,0.337,299.14,64.30,34.88,49.59
5,2010,21,0.362,299.73,65.93,39.71,52.82
5,2010,22,0.387,300.82,68.90,36.25,52.58
5,2010,23,0.405,301.56,72.31,31.65,51.98
5,2010,24,0.414,301.96,74.57,29.43,52.00
5,2010,25,0.418,302.24,77.03,29.41,53.22
5,2010,26,0.417,302.15,77.04,32.85,54.94
5,2010,27,0.419,302.23,78.04,33.39,55.72
5,2010,28,0.413,302.42,76.60,31.18,53.89
5,2010,29,0.400,302.92,73.90,27.53,50.71
5,2010,30,0.383,303.64,70.21,22.50,46.36
5,2010,31,0.358,304.00,63.77,19.97,41.87
5,2010,32,0.330,303.80,56.06,20.52,38.29
5,2010,33,0.306,302.98,49.63,25.02,37.33
5,2010,34,0.290,301.74,47.69,31.84,39.76
5,2010,35,0.277,300.33,49.18,37.05,43.12
5,2010,36,0.262,298.53,50.06,39.51,44.78
5,2010,37,0.249,296.74,52.21,38.48,45.34
5,2010,38,0.233,294.92,53.76,37.60,45.68
5,2010,39,0.218,292.75,55.30,38.03,46.67
5,2010,40,0.203,289.46,57.84,47.91,52.87
5,2010,41,0.190,287.05,60.51,44.11,52.31
5,2010,42,0.177,285.84,61.77,27.73,44.75
5,2010,43,0.163,284.06,61.74,22.36,42.05
5,2010,44,0.146,282.16,59.48,16.53,38.01
5,2010,45,0.132,280.46,57.52,12.32,34.92
5,2010,46,0.117,277.67,55.59,14.84,35.22
5,2010,47,0.103,273.54,53.54,22.79,38.17
5,2010,48,0.089,269.49,52.44,30.52,41.48
5,2010,49,0.075,265.82,50.07,37.06,43.57
5,2010,50,0.066,263.86,47.75,36.75,42.25
5,2010,51,0.056,262.12,46.08,37.63,41.85
5,2010,52,0.049,260.25,44.55,41.41,42.98
5,2011,01,0.040,258.21,41.54,48.08,44.81
5,2011,02,0.036,257.47,38.00,49.36,43.68
5,2011,03,0.035,257.48,36.16,48.77,42.46
5,2011,04,0.032,257.24,32.14,51.37,41.76
5,2011,05,0.032,258.16,30.22,51.81,41.02
5,2011,06,0.035,260.62,29.36,48.21,38.78
5,2011,07,0.040,263.28,27.88,45.76,36.82
5,2011,08,0.045,265.57,27.99,45.64,36.81
5,2011,09,0.054,268.51,29.92,44.45,37.18
5,2011,10,0.068,272.34,33.19,41.26,37.22
5,2011,11,0.083,276.16,36.89,36.41,36.65
5,2011,12,0.099,279.92,40.57,32.13,36.35
5,2011,13,0.115,282.80,43.58,31.03,37.30
5,2011,14,0.137,286.15,47.03,26.83,36.93
5,2011,15,0.163,290.06,49.97,20.58,35.28
5,2011,16,0.193,293.58,52.32,15.56,33.94
5,2011,17,0.222,295.97,53.08,15.29,34.18
5,2011,18,0.253,297.81,54.68,17.55,36.12
5,2011,19,0.285,298.92,55.26,24.18,39.72
5,2011,20,0.318,299.78,57.25,28.88,43.07
5,2011,21,0.352,300.31,61.89,33.94,47.92
5,2011,22,0.374,300.80,63.02,35.87,49.44
5,2011,23,0.387,301.23,62.99,34.18,48.59
5,2011,24,0.390,300.67,60.73,41.39,51.06
5,2011,25,0.393,299.91,63.07,51.97,57.52
5,2011,26,0.400,299.66,67.71,57.19,62.45
5,2011,27,0.409,299.79,73.71,56.83,65.27
5,2011,28,0.417,300.32,80.07,50.98,65.53
5,2011,29,0.415,300.83,82.66,47.21,64.93
5,2011,30,0.407,301.13,83.53,45.96,64.74
5,2011,31,0.395,301.51,83.88,42.21,63.05
5,2011,32,0.375,301.38,80.16,41.76,60.96
5,2011,33,0.352,301.27,75.10,40.27,57.68
5,2011,34,0.333,301.39,71.51,34.81,53.16
5,2011,35,0.308,300.91,66.37,31.38,48.87
5,2011,36,0.280,300.02,59.72,24.59,42.16
5,2011,37,0.253,298.73,54.19,16.91,35.55
5,2011,38,0.229,297.15,51.34,12.15,31.75
5,2011,39,0.205,295.15,48.42,11.38,29.90
5,2011,40,0.182,292.65,46.10,13.56,29.83
5,2011,41,0.162,290.12,45.81,12.30,29.06
5,2011,42,0.141,287.10,43.83,16.19,30.01
5,2011,43,0.124,284.16,42.71,21.85,32.28
5,2011,44,0.111,281.44,42.02,21.05,31.53
5,2011,45,0.098,278.93,40.64,20.09,30.36
5,2011,46,0.086,275.77,39.72,23.39,31.56
5,2011,47,0.075,271.97,38.32,29.76,34.04
5,2011,48,0.065,268.27,37.96,36.03,36.99
5,2011,49,0.058,263.42,37.74,47.95,42.84
5,2011,50,0.052,259.72,35.93,54.92,45.42
5,2011,51,0.048,256.61,38.95,60.99,49.97
5,2011,52,0.045,254.51,42.48,64.69,53.59
5,2012,01,0.044,253.03,48.05,67.29,57.67
5,2012,02,0.043,251.97,48.61,69.13,58.87
5,2012,03,0.041,251.68,46.00,69.86,57.93
5,2012,04,0.039,252.99,42.63,66.68,54.65
5,2012,05,0.038,254.85,38.64,63.61,51.12
5,2012,06,0.037,257.00,32.42,60.58,46.50
5,2012,07,0.036,258.70,26.11,60.52,43.31
5,2012,08,0.037,261.47,23.85,58.37,41.11
5,2012,09,0.039,264.63,21.89,56.46,39.18
5,2012,10,0.046,267.85,20.72,55.35,38.04
5,2012,11,0.057,271.89,23.82,50.61,37.22
5,2012,12,0.071,276.93,27.58,42.72,35.15
5,2012,13,0.089,282.10,32.14,33.50,32.82
5,2012,14,0.113,287.07,37.32,23.26,30.29
5,2012,15,0.142,291.41,42.11,15.02,28.56
5,2012,16,0.176,295.36,46.36,8.14,27.25
5,2012,17,0.214,298.61,50.53,4.45,27.49
5,2012,18,0.245,300.88,51.80,3.82,27.81
5,2012,19,0.269,302.33,49.35,4.95,27.15
5,2012,20,0.287,302.84,44.91,8.53,26.72
5,2012,21,0.299,302.58,39.31,16.74,28.03
5,2012,22,0.332,304.99,43.18,6.53,24.85
5,2012,23,0.345,305.37,40.63,5.77,23.20
5,2012,24,0.351,305.62,38.56,5.47,22.02
5,2012,25,0.353,305.98,39.18,5.42,22.30
5,2012,26,0.352,306.39,39.81,5.72,22.76
5,2012,27,0.340,306.60,35.50,5.92,20.71
5,2012,28,0.330,306.85,33.89,5.79,19.84
5,2012,29,0.317,306.69,31.97,6.21,19.09
5,2012,30,0.307,306.65,32.56,5.90,19.23
5,2012,31,0.295,306.10,31.93,7.59,19.76
5,2012,32,0.283,305.06,31.49,11.69,21.59
5,2012,33,0.278,303.48,34.26,20.82,27.54
5,2012,34,0.280,301.87,42.08,30.78,36.43
5,2012,35,0.284,300.47,52.92,36.07,44.49
5,2012,36,0.289,299.46,64.98,30.57,47.77
5,2012,37,0.291,298.29,75.18,22.24,48.71
5,2012,38,0.292,296.99,83.53,15.46,49.50
5,2012,39,0.294,295.42,90.00,11.32,50.66
5,2012,40,0.298,293.67,93.65,7.78,50.71
5,2012,41,0.296,291.32,95.12,5.34,50.23
5,2012,42,0.287,288.70,95.45,5.01,50.23
5,2012,43,0.279,286.17,95.67,7.79,51.73
5,2012,44,0.267,283.37,95.38,8.99,52.19
5,2012,45,0.248,280.81,94.83,9.32,52.07
5,2012,46,0.223,278.13,93.68,11.05,52.37
5,2012,47,0.190,274.67,90.77,16.03,53.40
5,2012,48,0.152,270.79,85.28,23.76,54.52
5,2012,49,0.126,268.21,80.96,25.93,53.45
5,2012,50,0.105,266.19,75.63,25.85,50.74
5,2012,51,0.089,264.73,72.97,25.55,49.26
5,2012,52,0.080,263.98,73.78,25.01,49.39
5,2013,01,0.068,259.52,69.05,41.78,55.42
5,2013,02,0.065,260.30,66.96,36.68,51.82
5,2013,03,0.060,260.12,62.37,37.28,49.82
5,2013,04,0.062,261.49,62.89,35.15,49.02
5,2013,05,0.070,263.86,65.12,31.62,48.37
5,2013,06,0.084,267.38,69.00,25.42,47.21
5,2013,07,0.104,270.80,72.74,21.12,46.93
5,2013,08,0.125,274.40,76.93,17.66,47.29
5,2013,09,0.146,277.99,79.68,15.49,47.58
5,2013,10,0.162,280.94,79.22,14.65,46.93
5,2013,11,0.173,282.39,77.35,16.70,47.02
5,2013,12,0.184,284.45,76.17,17.83,47.00
5,2013,13,0.197,286.45,75.72,19.32,47.52
5,2013,14,0.217,288.73,76.35,18.78,47.56
5,2013,15,0.248,291.64,78.27,15.80,47.04
5,2013,16,0.283,294.27,79.96,14.31,47.13
5,2013,17,0.314,296.47,80.28,16.83,48.55
5,2013,18,0.337,298.04,79.70,22.25,50.98
5,2013,19,0.356,299.17,77.67,27.80,52.73
5,2013,20,0.372,300.00,75.36,31.02,53.19
5,2013,21,0.385,300.23,73.37,36.62,54.99
5,2013,22,0.395,300.45,70.52,43.46,56.99
5,2013,23,0.402,300.83,68.69,43.11,55.90
5,2013,24,0.405,301.21,67.08,42.36,54.72
5,2013,25,0.403,301.52,65.78,42.68,54.23
5,2013,26,0.396,301.51,63.17,45.57,54.37
5,2013,27,0.391,301.54,60.93,46.51,53.72
5,2013,28,0.383,301.56,59.53,46.73,53.13
5,2013,29,0.371,301.40,56.46,48.23,52.35
5,2013,30,0.355,301.57,53.95,47.59,50.77
5,2013,31,0.335,301.79,50.20,44.04,47.12
5,2013,32,0.309,301.66,44.14,42.12,43.13
5,2013,33,0.281,300.63,36.28,47.92,42.10
5,2013,34,0.251,298.96,28.13,59.22,43.68
5,2013,35,0.220,296.52,21.08,74.11,47.60
5,2013,36,0.191,293.69,15.79,85.14,50.46
5,2013,37,0.170,291.24,13.98,89.86,51.92
5,2013,38,0.155,289.24,14.52,91.73,53.12
5,2013,39,0.151,287.78,18.80,87.96,53.38
5,2013,40,0.152,286.37,26.28,80.12,53.20
5,2013,41,0.153,285.17,34.06,65.47,49.78
5,2013,42,0.148,283.57,39.05,51.99,45.54
5,2013,43,0.141,282.14,42.12,38.00,40.07
5,2013,44,0.132,280.83,43.55,24.21,33.88
5,2013,45,0.161,280.03,59.58,14.19,36.88
5,2013,46,0.149,277.74,61.48,13.67,37.58
5,2013,47,0.134,275.75,63.66,12.28,37.97
5,2013,48,0.116,273.25,64.84,13.96,39.40
5,2013,49,0.100,270.70,63.86,16.50,40.18
5,2013,50,0.086,268.49,61.04,17.76,39.40
5,2013,51,0.074,266.10,60.54,21.34,40.94
5,2013,52,0.066,264.23,61.39,25.01,43.20
5,2014,01,0.062,262.81,64.07,27.97,46.02
5,2014,02,0.058,261.46,61.37,31.72,46.54
5,2014,03,0.054,260.19,57.96,36.67,47.31
5,2014,04,0.055,260.83,56.48,37.15,46.81
5,2014,05,0.059,263.03,55.76,34.02,44.89
5,2014,06,0.068,266.51,56.18,28.12,42.15
5,2014,07,0.082,270.36,57.75,22.49,40.12
5,2014,08,0.101,274.82,62.24,16.32,39.28
5,2014,09,0.122,279.21,66.92,11.59,39.26
5,2014,10,0.144,282.93,70.59,8.21,39.40
5,2014,11,0.162,285.76,73.16,5.28,39.22
5,2014,12,0.181,288.37,75.45,3.83,39.64
5,2014,13,0.197,290.43,76.67,4.66,40.67
5,2014,14,0.218,292.14,77.48,5.96,41.72
5,2014,15,0.246,293.55,77.85,8.05,42.95
5,2014,16,0.278,294.70,78.32,12.41,45.36
5,2014,17,0.308,295.82,78.68,20.66,49.67
5,2014,18,0.334,296.82,78.72,30.49,54.61
5,2014,19,0.357,297.93,78.16,37.13,57.65
5,2014,20,0.375,298.61,76.74,42.39,59.56
5,2014,21,0.391,298.80,75.52,48.80,62.16
5,2014,22,0.402,299.06,73.83,54.92,64.37
5,2014,23,0.415,299.62,75.33,53.50,64.41
5,2014,24,0.421,299.95,75.82,53.79,64.81
5,2014,25,0.418,300.21,74.41,54.87,64.64
5,2014,26,0.410,300.45,70.98,55.42,63.20
5,2014,27,0.401,300.86,66.76,52.75,59.75
5,2014,28,0.388,301.39,62.18,48.56,55.37
5,2014,29,0.372,302.21,57.58,41.80,49.69
5,2014,30,0.352,303.14,53.22,34.49,43.86
5,2014,31,0.329,303.74,47.85,27.32,37.59
5,2014,32,0.306,304.05,42.92,20.77,31.85
5,2014,33,0.284,303.65,37.99,19.84,28.91
5,2014,34,0.261,302.87,33.82,21.97,27.89
5,2014,35,0.240,301.80,31.61,23.38,27.49
5,2014,36,0.221,300.49,31.89,20.57,26.23
5,2014,37,0.206,299.17,32.86,15.46,24.16
5,2014,38,0.193,297.61,34.34,14.13,24.24
5,2014,39,0.185,295.34,36.22,16.21,26.22
5,2014,40,0.182,292.69,40.56,18.30,29.43
5,2014,41,0.176,290.12,44.79,17.12,30.96
5,2014,42,0.165,287.61,46.52,15.82,31.17
5,2014,43,0.153,285.27,46.95,14.64,30.80
5,2014,44,0.139,282.85,46.31,11.70,29.01
5,2014,45,0.159,280.68,58.92,10.67,34.79
5,2014,46,0.140,277.64,57.36,14.30,35.83
5,2014,47,0.117,273.72,54.73,22.34,38.54
5,2014,48,0.095,270.21,51.93,28.15,40.04
5,2014,49,0.079,267.44,49.11,31.14,40.12
5,2014,50,0.067,264.59,45.60,34.89,40.24
5,2014,51,0.059,262.29,46.44,37.70,42.07
5,2014,52,0.054,260.36,48.05,41.31,44.68
5,2015,01,0.052,259.32,52.39,42.42,47.41
5,2015,02,0.050,259.18,52.10,41.13,46.61
5,2015,03,0.050,259.92,52.42,38.16,45.29
5,2015,04,0.058,262.78,57.92,30.62,44.27
5,2015,05,0.069,266.43,63.91,22.78,43.35
5,2015,06,0.084,270.24,67.98,16.06,42.02
5,2015,07,0.100,273.84,69.76,11.36,40.56
5,2015,08,0.117,277.81,72.16,6.81,39.48
5,2015,09,0.132,281.47,72.76,4.43,38.60
5,2015,10,0.144,283.89,70.55,5.17,37.86
5,2015,11,0.154,285.25,68.88,7.01,37.95
5,2015,12,0.165,286.58,68.05,10.24,39.14
5,2015,13,0.178,288.15,68.27,13.10,40.68
5,2015,14,0.197,289.94,68.90,14.29,41.59
5,2015,15,0.223,291.72,69.11,15.54,42.32
5,2015,16,0.253,293.61,69.88,17.50,43.69
5,2015,17,0.286,295.58,71.36,22.12,46.74
5,2015,18,0.316,297.04,72.66,29.16,50.91
5,2015,19,0.340,297.75,72.09,38.64,55.37
5,2015,20,0.364,298.66,72.57,42.18,57.38
5,2015,21,0.390,300.05,75.12,38.15,56.64
5,2015,22,0.405,300.64,75.09,41.71,58.40
5,2015,23,0.416,300.96,75.81,41.84,58.82
5,2015,24,0.422,300.91,76.43,44.82,60.62
5,2015,25,0.421,300.56,76.07,50.96,63.52
5,2015,26,0.419,300.11,75.54,57.58,66.56
5,2015,27,0.419,299.90,76.22,60.27,68.25
5,2015,28,0.418,300.09,77.24,58.54,67.89
5,2015,29,0.413,300.40,77.56,56.23,66.89
5,2015,30,0.403,300.78,77.28,53.97,65.63
5,2015,31,0.387,301.04,75.73,50.35,63.04
5,2015,32,0.361,301.20,71.07,46.11,58.59
5,2015,33,0.337,301.27,66.28,41.92,54.10
5,2015,34,0.312,301.12,60.90,38.62,49.76
5,2015,35,0.283,300.67,54.85,34.29,44.57
5,2015,36,0.256,300.44,49.94,21.26,35.60
5,2015,37,0.233,299.65,47.00,11.32,29.16
5,2015,38,0.214,298.44,44.80,6.72,25.76
5,2015,39,0.197,296.40,42.25,6.32,24.29
5,2015,40,0.186,293.36,42.41,11.95,27.18
5,2015,41,0.173,290.47,43.51,13.84,28.68
5,2015,42,0.157,288.13,43.37,11.62,27.51
5,2015,43,0.139,285.31,41.65,14.92,28.31
5,2015,44,0.121,282.52,39.16,14.27,26.74
5,2015,45,0.130,280.24,46.80,13.87,30.34
5,2015,46,0.111,276.67,44.42,20.01,32.21
5,2015,47,0.094,273.22,43.04,25.30,34.17
5,2015,48,0.079,270.60,42.66,26.66,34.66
5,2015,49,0.070,268.79,42.97,25.41,34.19
5,2015,50,0.064,266.85,42.82,25.25,34.04
5,2015,51,0.059,264.73,46.05,27.44,36.75
5,2015,52,0.056,263.05,49.79,30.15,39.97
5,2016,01,0.053,260.81,53.59,36.31,44.95
5,2016,02,0.051,259.33,52.90,40.22,46.56
5,2016,03,0.049,259.10,52.36,40.68,46.52
5,2016,04,0.051,260.33,51.79,38.74,45.27
5,2016,05,0.054,263.19,51.21,33.03,42.12
5,2016,06,0.062,267.16,50.71,25.28,38.00
5,2016,07,0.070,270.78,49.20,20.49,34.85
5,2016,08,0.078,274.09,48.09,18.09,33.09
5,2016,09,0.084,276.65,45.68,19.26,32.47
5,2016,10,0.091,278.82,43.00,21.16,32.08
5,2016,11,0.117,283.02,51.55,14.50,33.02
5,2016,12,0.134,285.59,54.71,13.69,34.20
5,2016,13,0.154,288.30,58.34,12.42,35.38
5,2016,14,0.179,290.83,61.95,10.80,36.38
5,2016,15,0.208,292.57,64.08,11.99,38.03
5,2016,16,0.243,294.02,66.62,15.56,41.09
5,2016,17,0.275,294.87,67.80,26.17,46.99
5,2016,18,0.301,294.89,67.87,43.50,55.69
5,2016,19,0.325,295.12,66.95,58.35,62.65
5,2016,20,0.349,295.70,66.83,66.39,66.61
5,2016,21,0.371,296.19,67.54,72.15,69.84
5,2016,22,0.388,296.68,67.47,75.04,71.26
5,2016,23,0.404,297.42,69.20,71.95,70.58
5,2016,24,0.416,298.31,73.07,67.55,70.31
5,2016,25,0.423,299.19,76.93,63.10,70.01
5,2016,26,0.424,299.82,78.03,60.12,69.07
5,2016,27,0.422,300.46,77.53,55.57,66.55
5,2016,28,0.415,300.90,76.01,52.03,64.02
5,2016,29,0.405,301.32,74.05,48.71,61.38
5,2016,30,0.391,301.63,71.88,46.94,59.41
5,2016,31,0.373,301.87,69.24,43.21,56.23
5,2016,32,0.350,301.89,65.49,39.81,52.65
5,2016,33,0.327,301.69,61.19,37.95,49.57
5,2016,34,0.304,301.34,56.62,36.52,46.57
5,2016,35,0.277,300.50,51.81,35.93,43.87
5,2016,36,0.252,299.38,47.88,31.29,39.59
5,2016,37,0.228,297.68,44.11,29.78,36.93
5,2016,38,0.206,295.51,40.80,33.83,37.32
5,2016,39,0.189,292.72,38.50,41.38,39.94
5,2016,40,0.179,289.63,39.50,48.37,43.93
5,2016,41,0.170,286.94,42.06,48.25,45.15
5,2016,42,0.157,284.16,43.18,46.80,45.00
5,2016,43,0.142,281.36,42.65,43.87,43.27
5,2016,44,0.128,279.07,41.89,35.38,38.63
5,2016,45,0.145,276.68,52.85,33.32,43.08
5,2016,46,0.130,273.71,52.95,34.85,43.90
5,2016,47,0.114,270.54,53.32,38.14,45.73
5,2016,48,0.097,267.64,53.14,40.35,46.75
5,2016,49,0.084,265.33,52.34,40.72,46.53
5,2016,50,0.070,262.47,47.77,44.41,46.09
5,2016,51,0.059,259.79,46.15,48.67,47.41
5,2016,52,0.052,257.88,45.94,51.86,48.90
5,2017,01,0.048,256.39,47.44,54.50,50.97
5,2017,02,0.045,255.76,46.11,54.70,50.40
5,2017,03,0.041,255.03,43.08,56.74,49.91
5,2017,04,0.041,255.90,41.37,55.47,48.42
5,2017,05,0.044,258.00,41.04,52.00,46.52
5,2017,06,0.051,261.01,41.42,46.77,44.09
5,2017,07,0.061,264.85,42.36,40.39,41.37
5,2017,08,0.075,270.33,46.17,30.41,38.29
5,2017,09,0.092,276.28,50.66,20.58,35.62
5,2017,10,0.108,280.44,52.24,16.04,34.14
5,2017,11,0.125,283.77,55.46,11.95,33.71
5,2017,12,0.145,287.03,59.72,8.63,34.17
5,2017,13,0.167,289.82,63.94,6.87,35.41
5,2017,14,0.189,291.75,65.86,7.41,36.63
5,2017,15,0.217,293.58,67.48,7.85,37.66
5,2017,16,0.250,295.40,69.03,9.11,39.07
5,2017,17,0.280,296.63,69.46,15.99,42.72
5,2017,18,0.307,297.75,69.88,24.36,47.12
5,2017,19,0.333,298.84,69.69,30.54,50.11
5,2017,20,0.354,299.55,69.00,34.93,51.96
5,2017,21,0.374,299.79,68.72,40.42,54.56
5,2017,22,0.386,299.64,66.25,50.23,58.24
5,2017,23,0.396,300.12,65.11,49.29,57.20
5,2017,24,0.404,300.97,65.86,44.90,55.38
5,2017,25,0.404,300.93,66.22,48.39,57.31
5,2017,26,0.401,300.80,65.26,52.24,58.75
5,2017,27,0.398,300.94,64.82,51.89,58.35
5,2017,28,0.392,300.97,64.10,51.77,57.93
5,2017,29,0.384,301.35,63.65,48.60,56.12
5,2017,30,0.373,302.19,63.13,42.07,52.60
5,2017,31,0.356,303.02,60.75,33.12,46.94
5,2017,32,0.333,303.44,56.73,25.89,41.31
5,2017,33,0.306,303.05,50.21,25.14,37.67
5,2017,34,0.278,302.46,42.98,25.72,34.35
5,2017,35,0.251,301.63,37.49,25.10,31.30
5,2017,36,0.225,300.24,33.67,23.19,28.43
5,2017,37,0.205,298.17,32.49,25.32,28.90
5,2017,38,0.189,295.93,32.12,30.21,31.16
5,2017,39,0.176,293.37,31.66,35.23,33.45
5,2017,40,0.164,290.31,32.38,41.79,37.08
5,2017,41,0.146,286.62,31.28,51.28,41.29
5,2017,42,0.126,282.60,30.13,60.16,45.17
5,2017,43,0.107,278.32,28.40,65.76,47.09
5,2017,44,0.093,275.79,27.56,55.31,41.42
5,2017,45,0.102,272.92,34.84,53.69,44.27
5,2017,46,0.096,270.24,36.99,52.49,44.74
5,2017,47,0.089,268.01,39.74,50.70,45.22
5,2017,48,0.080,266.43,42.19,46.42,44.31
5,2017,49,0.073,265.41,44.42,41.03,42.73
5,2017,50,0.065,263.76,43.33,39.42,41.38
5,2017,51,0.060,262.07,46.94,39.47,43.21
5,2017,52,0.057,261.10,50.76,40.77,45.77
5,2018,01,0.055,259.86,55.63,39.75,47.69
5,2018,02,0.053,259.50,55.31,40.17,47.74
5,2018,03,0.050,259.01,53.11,42.08,47.60
5,2018,04,0.050,259.30,50.36,42.99,46.68
5,2018,05,0.051,260.03,47.41,43.97,45.69
5,2018,06,0.057,262.26,45.36,43.37,44.36
5,2018,07,0.065,264.67,43.98,42.95,43.47
5,2018,08,0.072,267.29,43.55,41.06,42.30
5,2018,09,0.078,269.75,42.62,41.37,42.00
5,2018,10,0.084,271.84,40.24,43.11,41.68
5,2018,11,0.098,273.36,40.65,47.82,44.23
5,2018,12,0.118,277.28,46.10,43.34,44.72
5,2018,13,0.145,282.15,54.01,34.36,44.18
5,2018,14,0.182,287.58,62.15,23.26,42.70
5,2018,15,0.220,291.69,67.95,15.83,41.89
5,2018,16,0.257,294.50,71.80,12.90,42.35
5,2018,17,0.290,296.54,73.34,16.03,44.69
5,2018,18,0.318,298.07,74.08,21.74,47.91
5,2018,19,0.342,299.24,73.48,27.11,50.30
5,2018,20,0.363,300.21,72.53,29.18,50.85
5,2018,21,0.380,300.81,71.70,31.54,51.61
5,2018,22,0.391,301.52,69.24,34.40,51.82
5,2018,23,0.397,301.93,66.33,33.56,49.95
5,2018,24,0.398,302.14,63.93,34.01,48.97
5,2018,25,0.396,302.29,62.87,35.65,49.26
5,2018,26,0.393,302.03,61.85,40.89,51.37
5,2018,27,0.389,301.64,60.46,45.50,52.98
5,2018,28,0.385,301.49,60.77,47.09,53.93
5,2018,29,0.380,301.73,61.66,45.21,53.44
5,2018,30,0.370,302.13,62.14,42.44,52.29
5,2018,31,0.357,302.59,61.60,36.75,49.18
5,2018,32,0.339,303.37,60.36,26.41,43.38
5,2018,33,0.318,303.50,56.62,20.88,38.75
5,2018,34,0.293,303.02,51.26,20.14,35.70
5,2018,35,0.269,302.37,47.81,17.48,32.65
5,2018,36,0.249,301.19,46.50,13.48,29.99
5,2018,37,0.232,299.28,46.85,13.95,30.39
5,2018,38,0.223,297.27,50.09,16.89,33.49
5,2018,39,0.221,295.37,54.62,15.58,35.10
5,2018,40,0.218,293.05,57.70,14.51,36.10
5,2018,41,0.209,290.55,59.24,12.51,35.88
5,2018,42,0.199,288.27,60.66,9.43,35.05
5,2018,43,0.184,285.62,59.68,11.47,35.58
5,2018,44,0.167,282.70,58.14,11.99,35.04
5,2018,45,0.186,280.10,70.28,13.33,41.80
5,2018,46,0.167,276.43,70.09,20.32,45.21
5,2018,47,0.148,273.72,70.74,22.36,46.55
