provinceID,year,week,SMN,SMT,VCI,TCI,VHI
14,2000,01,0.040,259.23,45.97,31.34,38.66
14,2000,02,0.040,258.13,48.83,36.87,42.85
14,2000,03,0.039,256.75,48.01,43.87,45.94
14,2000,04,0.039,256.46,44.77,46.94,45.85
14,2000,05,0.039,257.52,40.04,47.36,43.70
14,2000,06,0.039,258.82,34.48,48.25,41.37
14,2000,07,0.039,260.33,28.61,49.22,38.91
14,2000,08,0.038,262.38,25.26,47.90,36.58
14,2000,09,0.041,265.34,24.44,43.96,34.20
14,2000,10,0.045,267.87,24.13,43.75,33.94
14,2000,11,0.052,271.09,24.78,42.89,33.84
14,2000,12,0.059,274.20,25.78,42.77,34.28
14,2000,13,0.072,278.26,28.43,38.62,33.53
14,2000,14,0.092,282.99,31.87,30.95,31.41
14,2000,15,0.117,286.94,35.44,26.39,30.92
14,2000,16,0.153,289.74,41.59,27.81,34.70
14,2000,17,0.194,291.86,46.93,33.57,40.25
14,2000,18,0.230,293.42,48.85,43.10,45.98
14,2000,19,0.259,294.56,47.72,53.32,50.52
14,2000,20,0.289,295.80,44.73,58.88,51.80
14,2000,21,0.312,296.91,39.58,61.03,50.31
14,2000,22,0.333,297.95,36.40,56.93,46.67
14,2000,23,0.346,298.13,36.16,60.38,48.27
14,2000,24,0.362,298.01,44.50,68.93,56.72
14,2000,25,0.376,297.60,53.79,77.10,65.44
14,2000,26,0.386,297.51,61.50,81.38,71.44
14,2000,27,0.387,297.74,64.82,79.41,72.12
14,2000,28,0.381,297.82,65.31,79.52,72.42
14,2000,29,0.378,298.09,67.31,79.09,73.20
14,2000,30,0.375,298.58,70.86,76.07,73.46
14,2000,31,0.359,298.12,68.85,79.27,74.06
14,2000,32,0.341,297.69,65.44,81.87,73.65
14,2000,33,0.325,297.58,61.75,79.77,70.76
14,2000,34,0.302,296.81,55.39,80.02,67.70
14,2000,35,0.279,295.35,50.76,82.78,66.77
14,2000,36,0.257,293.60,47.28,82.37,64.83
14,2000,37,0.238,291.75,45.97,79.29,62.63
14,2000,38,0.225,290.57,46.97,71.29,59.13
14,2000,39,0.211,289.05,46.33,64.03,55.18
14,2000,40,0.191,287.57,42.26,52.27,47.26
14,2000,41,0.167,285.72,37.38,42.70,40.04
14,2000,42,0.143,283.73,34.23,35.29,34.76
14,2000,43,0.121,281.48,33.07,30.83,31.95
14,2000,44,0.099,278.53,30.15,31.06,30.60
14,2000,45,0.083,276.09,28.85,27.00,27.93
14,2000,46,0.073,273.59,30.90,24.45,27.68
14,2000,47,0.065,271.66,33.29,19.40,26.34
14,2000,48,0.063,270.88,38.21,9.48,23.84
14,2000,49,0.062,269.99,42.43,3.41,22.92
14,2000,50,0.058,268.55,45.30,2.44,23.87
14,2000,51,0.056,267.36,49.23,3.35,26.29
14,2000,52,0.059,266.72,59.73,3.72,31.72
14,2001,01,0.063,265.84,73.57,6.05,39.81
14,2001,02,0.056,264.60,73.34,10.51,41.92
14,2001,03,0.059,263.84,76.06,14.30,45.18
14,2001,04,0.062,263.91,72.90,15.72,44.31
14,2001,05,0.062,264.11,64.32,18.93,41.63
14,2001,06,0.064,264.29,57.41,25.91,41.66
14,2001,07,0.067,264.96,52.08,31.90,41.99
14,2001,08,0.074,267.37,51.91,30.68,41.30
14,2001,09,0.084,270.37,54.30,27.54,40.92
14,2001,10,0.101,273.69,60.42,25.06,42.74
14,2001,11,0.121,277.75,66.27,21.05,43.66
14,2001,12,0.137,281.15,67.74,19.18,43.46
14,2001,13,0.154,284.50,69.12,16.56,42.84
14,2001,14,0.170,286.60,68.01,18.14,43.07
14,2001,15,0.185,288.42,65.06,20.89,42.97
14,2001,16,0.206,290.36,63.11,25.40,44.25
14,2001,17,0.235,291.43,62.14,36.03,49.09
14,2001,18,0.268,292.03,62.87,52.07,57.47
14,2001,19,0.300,292.39,62.86,68.77,65.81
14,2001,20,0.327,293.01,60.01,81.15,70.58
14,2001,21,0.348,293.38,56.23,90.22,73.22
14,2001,22,0.369,293.20,54.67,96.01,75.34
14,2001,23,0.387,294.20,58.03,94.54,76.29
14,2001,24,0.404,296.09,66.69,86.86,76.77
14,2001,25,0.413,297.46,73.07,78.73,75.90
14,2001,26,0.417,299.30,77.73,65.36,71.54
14,2001,27,0.414,301.02,78.54,50.63,64.59
14,2001,28,0.402,302.17,75.71,42.49,59.10
14,2001,29,0.386,302.91,71.78,38.55,55.17
14,2001,30,0.371,303.69,69.28,33.95,51.62
14,2001,31,0.357,304.11,68.91,30.62,49.76
14,2001,32,0.337,303.16,64.23,36.82,50.52
14,2001,33,0.320,301.98,60.28,40.87,50.58
14,2001,34,0.308,300.92,59.87,41.68,50.78
14,2001,35,0.295,298.99,60.77,48.30,54.54
14,2001,36,0.283,296.67,62.79,53.33,58.06
14,2001,37,0.272,294.37,66.22,54.30,60.26
14,2001,38,0.267,292.17,71.00,54.95,62.97
14,2001,39,0.261,290.05,73.75,53.66,63.71
14,2001,40,0.253,287.32,74.24,55.37,64.80
14,2001,41,0.242,284.45,75.74,56.03,65.89
14,2001,42,0.229,281.99,79.04,52.23,65.64
14,2001,43,0.213,279.30,81.87,48.14,65.00
14,2001,44,0.193,276.29,82.62,45.75,64.19
14,2001,45,0.166,272.59,78.82,46.59,62.70
14,2001,46,0.140,268.97,75.62,46.62,61.12
14,2001,47,0.123,265.82,75.81,44.93,60.37
14,2001,48,0.102,261.50,72.85,49.38,61.11
14,2001,49,0.084,257.45,67.12,56.07,61.59
14,2001,50,0.073,254.29,66.66,60.80,63.73
14,2001,51,0.065,252.15,67.68,66.11,66.90
14,2001,52,0.060,251.12,71.40,70.63,71.02
14,2002,01,0.058,251.58,76.58,69.73,73.16
14,2002,02,0.060,253.42,80.80,60.48,70.64
14,2002,03,0.068,257.07,88.59,43.17,65.88
14,2002,04,0.078,261.01,93.93,26.66,60.30
14,2002,05,0.089,264.90,93.67,14.53,54.10
14,2002,06,0.102,268.56,93.33,8.07,50.70
14,2002,07,0.117,272.09,92.35,4.98,48.67
14,2002,08,0.129,275.11,92.67,3.41,48.04
14,2002,09,0.142,277.56,94.02,3.13,48.57
14,2002,10,0.155,280.13,94.96,3.19,49.07
14,2002,11,0.171,283.05,95.49,2.86,49.18
14,2002,12,0.191,285.62,96.06,3.64,49.85
14,2002,13,0.208,287.88,95.34,4.56,49.95
14,2002,14,0.226,289.97,93.81,6.13,49.97
14,2002,15,0.244,291.70,91.26,8.59,49.92
14,2002,16,0.268,293.68,88.21,11.87,50.04
14,2002,17,0.299,295.75,87.47,14.23,50.85
14,2002,18,0.331,297.34,87.44,18.01,52.72
14,2002,19,0.360,298.75,87.06,21.42,54.24
14,2002,20,0.380,299.81,82.08,25.73,53.90
14,2002,21,0.389,300.49,75.28,30.42,52.85
14,2002,22,0.393,301.25,67.32,28.56,47.94
14,2002,23,0.391,301.80,60.22,27.32,43.77
14,2002,24,0.381,302.56,54.37,25.31,39.84
14,2002,25,0.374,303.56,52.37,20.47,36.42
14,2002,26,0.364,304.32,50.47,17.84,34.16
14,2002,27,0.353,304.84,48.12,16.61,32.37
14,2002,28,0.340,305.00,45.77,18.06,31.92
14,2002,29,0.326,304.82,42.50,22.41,32.45
14,2002,30,0.317,304.23,42.07,29.70,35.89
14,2002,31,0.313,303.66,46.12,34.54,40.33
14,2002,32,0.311,303.05,50.17,37.88,44.02
14,2002,33,0.306,302.11,52.47,39.62,46.05
14,2002,34,0.297,301.03,53.40,40.46,46.93
14,2002,35,0.285,299.44,54.80,43.76,49.28
14,2002,36,0.271,297.11,55.93,48.89,52.41
14,2002,37,0.258,293.91,57.45,58.92,58.18
14,2002,38,0.247,290.78,59.32,69.67,64.49
14,2002,39,0.234,287.92,58.34,76.12,67.23
14,2002,40,0.216,285.06,54.72,77.89,66.30
14,2002,41,0.197,281.60,52.56,82.42,67.49
14,2002,42,0.173,277.73,49.97,88.65,69.31
14,2002,43,0.148,274.03,47.46,86.59,67.02
14,2002,44,0.131,271.17,48.14,77.81,62.97
14,2002,45,0.124,269.02,53.46,65.98,59.72
14,2002,46,0.122,267.32,63.28,54.38,58.83
14,2002,47,0.120,265.49,72.83,46.41,59.62
14,2002,48,0.111,263.39,79.89,41.47,60.68
14,2002,49,0.105,261.83,85.45,37.15,61.30
14,2002,50,0.096,259.43,91.85,38.21,65.03
14,2002,51,0.086,257.28,93.18,43.34,68.26
14,2002,52,0.072,256.40,88.30,45.79,67.05
14,2003,01,0.057,255.65,73.82,49.66,61.74
14,2003,02,0.048,254.49,61.76,54.87,58.32
14,2003,03,0.040,252.89,48.00,61.75,54.87
14,2003,04,0.031,251.32,33.24,69.66,51.45
14,2003,05,0.025,251.28,22.88,73.97,48.42
14,2003,06,0.020,252.44,16.09,73.82,44.95
14,2003,07,0.020,253.91,13.06,73.20,43.13
14,2003,08,0.020,255.82,11.70,71.43,41.56
14,2003,09,0.021,257.67,10.41,70.54,40.47
14,2003,10,0.023,259.95,9.83,70.73,40.28
14,2003,11,0.031,261.99,12.24,73.48,42.86
14,2003,12,0.045,265.37,18.20,72.68,45.44
14,2003,13,0.065,270.55,25.13,65.61,45.37
14,2003,14,0.091,276.66,31.77,53.51,42.64
14,2003,15,0.121,282.07,37.53,44.89,41.21
14,2003,16,0.151,286.90,41.17,39.96,40.56
14,2003,17,0.182,290.93,42.30,39.07,40.69
14,2003,18,0.217,295.09,43.98,32.98,38.48
14,2003,19,0.256,298.05,46.64,27.28,36.96
14,2003,20,0.293,299.98,46.45,24.91,35.68
14,2003,21,0.323,301.42,44.42,23.01,33.71
14,2003,22,0.341,301.58,40.03,26.05,33.04
14,2003,23,0.350,300.75,37.99,37.05,37.52
14,2003,24,0.355,299.76,40.44,52.80,46.62
14,2003,25,0.363,298.76,46.11,66.76,56.43
14,2003,26,0.372,297.73,54.08,79.76,66.92
14,2003,27,0.383,296.99,62.72,85.35,74.04
14,2003,28,0.397,296.64,73.04,88.46,80.75
14,2003,29,0.406,296.43,80.63,90.92,85.77
14,2003,30,0.410,296.45,86.31,91.10,88.70
14,2003,31,0.412,296.71,90.36,89.48,89.92
14,2003,32,0.404,296.59,91.16,89.48,90.32
14,2003,33,0.394,296.78,91.22,85.99,88.61
14,2003,34,0.380,296.69,90.38,81.35,85.87
14,2003,35,0.364,296.09,90.49,76.55,83.52
14,2003,36,0.347,295.34,90.65,66.39,78.52
14,2003,37,0.328,294.57,90.46,52.11,71.28
14,2003,38,0.303,293.62,87.47,39.31,63.39
14,2003,39,0.277,291.70,80.47,35.68,58.07
14,2003,40,0.245,288.93,69.57,38.53,54.05
14,2003,41,0.217,286.27,62.72,37.59,50.16
14,2003,42,0.187,282.65,57.09,46.51,51.80
14,2003,43,0.161,278.78,53.93,53.07,53.50
14,2003,44,0.141,275.91,53.44,48.79,51.11
14,2003,45,0.123,273.05,52.17,44.74,48.46
14,2003,46,0.104,269.52,50.28,45.15,47.71
14,2003,47,0.083,265.11,44.84,49.21,47.03
14,2003,48,0.069,261.50,42.58,50.49,46.53
14,2003,49,0.062,259.22,43.63,49.32,46.47
14,2003,50,0.057,257.41,47.03,47.98,47.50
14,2003,51,0.049,254.98,45.28,53.65,49.46
14,2003,52,0.042,251.49,43.66,67.17,55.41
14,2004,01,0.036,248.61,39.63,78.49,59.06
14,2004,05,0.036,249.19,36.60,79.64,58.12
14,2004,06,0.038,250.96,33.78,77.48,55.63
14,2004,07,0.042,252.81,31.87,74.96,53.41
14,2004,08,0.048,254.95,33.12,72.37,52.74
14,2004,09,0.056,256.44,35.07,71.56,53.31
14,2004,10,0.067,260.38,38.49,68.25,53.37
14,2004,25,0.395,296.85,63.75,79.43,71.59
14,2004,26,0.394,296.48,65.69,85.39,75.54
14,2004,27,0.397,296.58,69.79,85.52,77.65
14,2004,28,0.397,296.73,73.00,85.67,79.33
14,2004,30,0.390,297.26,78.08,85.34,81.71
14,2004,31,0.384,297.54,81.34,83.87,82.61
14,2004,32,0.375,297.79,83.17,81.69,82.43
14,2004,33,0.363,297.59,82.46,80.15,81.31
14,2004,34,0.355,297.27,83.95,76.35,80.15
14,2004,35,0.345,296.84,86.80,69.42,78.11
14,2004,36,0.331,296.20,87.62,57.74,72.68
14,2004,37,0.316,295.21,88.51,45.44,66.97
14,2004,38,0.300,293.62,87.65,39.09,63.37
14,2004,39,0.285,291.78,84.90,34.82,59.86
14,2004,40,0.268,289.54,81.21,32.16,56.69
14,2004,41,0.250,287.50,78.97,25.27,52.12
14,2004,42,0.234,285.02,80.41,23.55,51.98
14,2004,43,0.220,282.42,82.93,23.52,53.22
14,2004,44,0.207,280.07,86.09,20.68,53.38
14,2004,45,0.193,277.01,88.49,21.91,55.20
14,2004,46,0.179,273.54,90.97,24.93,57.95
14,2004,47,0.162,270.45,92.62,25.08,58.85
14,2004,48,0.137,266.72,92.15,27.45,59.80
14,2004,49,0.106,262.44,84.36,34.81,59.58
14,2004,50,0.086,258.47,80.31,42.95,61.63
14,2004,51,0.075,256.58,79.63,46.79,63.21
14,2004,52,0.068,255.21,82.13,51.64,66.88
14,2005,01,0.062,252.88,81.70,62.95,72.33
14,2005,02,0.058,250.79,76.92,70.78,73.85
14,2005,03,0.052,247.82,67.11,79.88,73.49
14,2005,04,0.048,245.32,56.52,87.99,72.25
14,2005,05,0.045,243.68,46.49,93.23,69.86
14,2005,06,0.042,244.29,36.95,93.29,65.12
14,2005,07,0.042,247.56,31.35,89.87,60.61
14,2005,08,0.045,251.86,30.67,82.47,56.57
14,2005,09,0.053,255.53,32.92,76.14,54.53
14,2005,10,0.065,259.96,37.46,69.74,53.60
14,2005,11,0.084,264.86,44.20,63.19,53.70
14,2005,12,0.107,271.24,51.46,52.50,51.98
14,2005,13,0.135,276.95,59.78,43.08,51.43
14,2005,14,0.165,282.56,66.08,32.33,49.20
14,2005,15,0.198,287.97,71.35,22.43,46.89
14,2005,16,0.237,291.47,75.52,21.02,48.27
14,2005,17,0.274,294.02,77.77,23.29,50.53
14,2005,18,0.313,296.06,80.29,26.40,53.35
14,2005,19,0.353,297.57,83.64,30.33,56.98
14,2005,20,0.389,298.95,85.07,32.80,58.93
14,2005,21,0.413,299.86,85.13,35.92,60.53
14,2005,22,0.424,300.05,82.47,38.85,60.66
14,2005,23,0.429,299.96,80.24,44.00,62.12
14,2005,24,0.429,299.93,79.50,50.81,65.16
14,2005,25,0.423,299.60,77.88,58.42,68.15
14,2005,26,0.418,299.35,77.54,64.82,71.18
14,2005,27,0.413,299.44,77.59,64.76,71.18
14,2005,28,0.409,299.70,78.77,63.88,71.33
14,2005,29,0.404,299.53,80.33,66.76,73.54
14,2005,30,0.396,299.73,81.47,67.00,74.24
14,2005,31,0.392,299.81,85.40,66.07,75.73
14,2005,32,0.388,299.95,88.68,63.81,76.25
14,2005,33,0.379,300.09,89.42,57.77,73.60
14,2005,34,0.364,299.87,87.97,51.40,69.69
14,2005,35,0.344,299.24,86.08,45.32,65.70
14,2005,36,0.325,298.59,84.51,33.72,59.11
14,2005,37,0.306,297.66,83.76,21.58,52.67
14,2005,38,0.287,296.30,81.46,12.32,46.89
14,2005,39,0.267,294.47,76.36,8.04,42.20
14,2005,40,0.247,291.69,70.93,10.91,40.92
14,2005,41,0.228,288.87,68.46,11.94,40.20
14,2005,42,0.208,286.22,67.83,11.83,39.83
14,2005,43,0.187,283.58,67.70,14.04,40.87
14,2005,44,0.166,280.69,67.27,16.54,41.90
14,2005,45,0.141,277.72,63.54,18.09,40.81
14,2005,46,0.118,275.41,60.21,16.38,38.30
14,2005,47,0.096,272.27,55.04,17.90,36.47
14,2005,48,0.082,268.99,54.88,18.79,36.83
14,2005,49,0.075,265.88,56.93,21.03,38.98
14,2005,50,0.068,264.10,60.29,19.24,39.76
14,2005,51,0.061,262.34,61.34,21.43,41.39
14,2005,52,0.055,260.58,61.80,26.01,43.90
14,2006,01,0.050,258.61,61.74,34.46,48.10
14,2006,02,0.050,257.30,62.15,41.23,51.69
14,2006,03,0.047,256.20,56.67,47.17,51.92
14,2006,04,0.043,255.13,47.48,54.06,50.77
14,2006,05,0.039,254.10,38.72,63.43,51.07
14,2006,06,0.035,253.32,29.77,71.17,50.47
14,2006,07,0.033,253.07,23.15,76.20,49.68
14,2006,08,0.031,252.51,19.40,81.75,50.58
14,2006,09,0.032,253.26,17.91,83.34,50.63
14,2006,10,0.037,255.42,18.80,83.58,51.19
14,2006,11,0.046,259.75,21.02,79.12,50.07
14,2006,12,0.058,265.33,25.02,71.42,48.22
14,2006,13,0.077,271.39,30.96,62.16,46.56
14,2006,14,0.103,278.01,37.17,48.57,42.87
14,2006,15,0.136,282.82,43.80,41.84,42.82
14,2006,16,0.174,286.90,50.18,39.51,44.84
14,2006,17,0.211,290.37,53.20,41.21,47.20
14,2006,18,0.249,293.06,56.09,45.37,50.73
14,2006,19,0.291,295.35,59.83,47.15,53.49
14,2006,20,0.332,297.30,62.40,46.44,54.42
14,2006,21,0.365,298.67,64.40,46.00,55.20
14,2006,22,0.391,299.43,66.50,43.99,55.24
14,2006,23,0.415,299.90,73.47,44.27,58.87
14,2006,24,0.430,300.34,80.56,46.42,63.49
14,2006,25,0.436,300.75,85.40,47.10,66.25
14,2006,26,0.439,301.16,88.80,47.38,68.09
14,2006,27,0.436,301.60,89.77,45.24,67.50
14,2006,28,0.429,302.07,88.64,43.13,65.89
14,2006,29,0.414,302.59,85.31,41.13,63.22
14,2006,30,0.395,302.75,81.24,41.68,61.46
14,2006,31,0.379,303.05,79.70,39.31,59.51
14,2006,32,0.362,303.36,77.06,35.06,56.06
14,2006,33,0.343,302.92,72.48,32.29,52.39
14,2006,34,0.325,301.76,68.90,33.58,51.24
14,2006,35,0.312,300.20,70.56,36.06,53.31
14,2006,36,0.299,298.43,72.54,35.41,53.98
14,2006,37,0.284,296.91,73.09,28.47,50.78
14,2006,38,0.267,295.04,70.62,24.20,47.41
14,2006,39,0.247,292.71,65.66,24.61,45.14
14,2006,40,0.225,290.15,59.68,25.64,42.66
14,2006,41,0.204,287.76,55.91,22.38,39.14
14,2006,42,0.181,284.90,54.27,24.25,39.26
14,2006,43,0.159,281.45,53.61,31.11,42.36
14,2006,44,0.135,277.72,50.83,36.40,43.62
14,2006,45,0.107,273.16,43.39,43.87,43.63
14,2006,46,0.081,268.62,35.43,48.98,42.20
14,2006,47,0.063,265.44,29.96,47.39,38.68
14,2006,48,0.053,263.70,28.65,40.81,34.73
14,2006,49,0.047,262.57,28.81,34.18,31.49
14,2006,50,0.046,261.78,34.00,27.66,30.83
14,2006,51,0.047,261.36,42.83,24.89,33.86
14,2006,52,0.051,261.08,57.59,23.67,40.63
14,2007,01,0.055,261.13,71.17,22.71,46.94
14,2007,02,0.056,260.68,75.07,25.25,50.16
14,2007,03,0.059,260.49,76.37,26.84,51.61
14,2007,04,0.062,260.80,75.94,27.22,51.58
14,2007,05,0.075,262.60,80.81,24.35,52.58
14,2007,06,0.091,265.22,84.80,21.58,53.19
14,2007,07,0.109,268.78,87.77,17.44,52.61
14,2007,08,0.123,272.10,88.83,14.42,51.62
14,2007,09,0.133,275.41,88.01,11.03,49.52
14,2007,10,0.138,278.21,84.41,10.27,47.34
14,2007,11,0.143,281.20,79.37,9.56,44.47
14,2007,12,0.149,284.06,74.42,9.12,41.77
14,2007,13,0.163,286.75,73.72,8.48,41.10
14,2007,14,0.177,289.20,71.44,8.82,40.13
14,2007,15,0.187,291.01,66.49,11.23,38.86
14,2007,16,0.208,292.93,64.20,15.01,39.60
14,2007,17,0.241,295.50,65.11,15.49,40.30
14,2007,18,0.280,298.32,68.20,11.87,40.03
14,2007,19,0.316,300.59,69.95,7.61,38.78
14,2007,20,0.345,302.29,67.57,5.80,36.69
14,2007,21,0.370,303.59,66.51,4.54,35.52
14,2007,22,0.384,304.30,62.06,3.16,32.61
14,2007,23,0.385,304.29,56.96,5.54,31.25
14,2007,24,0.388,304.12,57.62,11.03,34.32
14,2007,25,0.393,303.98,61.84,16.88,39.36
14,2007,26,0.396,303.94,66.47,21.57,44.02
14,2007,27,0.396,304.01,69.27,23.99,46.63
14,2007,28,0.390,304.05,69.60,26.28,47.94
14,2007,29,0.385,304.13,71.13,28.27,49.70
14,2007,30,0.375,304.42,71.47,27.97,49.72
14,2007,31,0.360,304.63,70.33,26.48,48.41
14,2007,32,0.345,304.74,68.68,23.73,46.21
14,2007,33,0.331,304.56,66.31,17.77,42.04
14,2007,34,0.317,303.76,64.86,14.73,39.80
14,2007,35,0.305,302.14,66.56,17.15,41.85
14,2007,36,0.298,299.98,71.64,20.25,45.95
14,2007,37,0.295,297.92,79.26,18.83,49.04
14,2007,38,0.296,295.96,87.19,14.66,50.93
14,2007,39,0.297,294.04,92.46,10.54,51.50
14,2007,40,0.293,292.03,94.51,6.45,50.48
14,2007,41,0.282,289.35,95.43,6.58,51.00
14,2007,42,0.263,286.50,95.67,9.00,52.34
14,2007,43,0.241,283.41,95.80,15.19,55.50
14,2007,44,0.217,279.86,94.81,21.76,58.28
14,2007,45,0.194,276.63,94.15,23.90,59.03
14,2007,46,0.167,273.97,91.81,22.69,57.25
14,2007,47,0.138,271.09,86.49,22.03,54.26
14,2007,48,0.108,268.40,78.07,19.79,48.93
14,2007,49,0.087,266.06,69.80,18.32,44.06
14,2007,50,0.074,264.52,68.32,14.94,41.63
14,2007,51,0.068,263.61,70.76,14.30,42.53
14,2007,52,0.067,263.10,80.75,13.54,47.15
14,2008,01,0.067,263.26,87.51,11.72,49.62
14,2008,02,0.068,263.84,88.32,9.36,48.84
14,2008,03,0.067,264.99,85.20,5.06,45.13
14,2008,04,0.066,265.95,77.51,3.17,40.34
14,2008,05,0.069,266.96,71.56,4.74,38.15
14,2008,06,0.075,268.99,68.14,6.01,37.07
14,2008,07,0.082,271.01,64.39,8.97,36.68
14,2008,08,0.092,273.01,65.81,11.00,38.41
14,2008,09,0.104,275.54,68.35,10.14,39.25
14,2008,10,0.120,278.36,73.40,9.03,41.21
14,2008,11,0.142,281.33,78.94,8.19,43.57
14,2008,12,0.158,283.63,79.55,9.95,44.75
14,2008,13,0.182,285.75,83.33,11.68,47.50
14,2008,14,0.213,287.95,87.95,13.00,50.47
14,2008,15,0.247,289.91,92.13,15.07,53.60
14,2008,16,0.287,291.69,95.00,19.85,57.42
14,2008,17,0.322,292.89,95.34,28.56,61.95
14,2008,18,0.353,293.92,95.16,39.88,67.52
14,2008,19,0.380,295.23,94.10,48.07,71.09
14,2008,20,0.396,295.89,88.42,58.06,73.24
14,2008,21,0.414,296.92,86.85,61.20,74.02
14,2008,22,0.430,298.11,86.38,55.75,71.07
14,2008,23,0.440,299.29,87.14,50.31,68.72
14,2008,24,0.445,300.32,88.44,47.24,67.84
14,2008,25,0.438,300.83,86.12,46.81,66.47
14,2008,26,0.427,301.64,82.74,43.23,62.99
14,2008,27,0.414,302.55,78.43,36.97,57.70
14,2008,28,0.397,302.88,73.10,36.36,54.73
14,2008,29,0.388,303.40,72.36,34.43,53.39
14,2008,30,0.378,304.38,72.83,28.31,50.57
14,2008,31,0.362,304.59,70.68,26.84,48.76
14,2008,32,0.343,304.38,67.11,26.66,46.88
14,2008,33,0.322,304.13,60.97,21.20,41.08
14,2008,34,0.300,303.43,54.93,17.19,36.06
14,2008,35,0.275,302.35,49.13,14.52,31.83
14,2008,36,0.250,300.39,43.54,15.92,29.73
14,2008,37,0.228,297.78,40.25,20.25,30.25
14,2008,38,0.208,294.80,37.24,26.95,32.09
14,2008,39,0.194,292.35,36.89,28.73,32.81
14,2008,40,0.183,290.28,37.75,24.63,31.19
14,2008,41,0.178,288.19,42.81,18.30,30.55
14,2008,42,0.178,286.66,52.17,7.38,29.78
14,2008,43,0.174,285.22,61.27,0.77,31.02
14,2008,44,0.166,283.09,67.62,0.28,33.95
14,2008,45,0.157,280.70,73.20,0.88,37.04
14,2008,46,0.145,278.45,78.23,1.04,39.64
14,2008,47,0.131,275.86,81.19,1.23,41.21
14,2008,48,0.112,272.45,81.30,2.73,42.01
14,2008,49,0.095,268.72,76.97,7.11,42.04
14,2008,50,0.080,265.14,75.22,12.74,43.98
14,2008,51,0.067,261.18,70.68,25.97,48.32
14,2008,52,0.059,258.40,70.80,36.52,53.66
14,2009,01,0.054,256.87,69.50,43.45,56.47
14,2009,02,0.047,255.23,60.12,51.54,55.83
14,2009,03,0.043,254.68,52.76,54.44,53.60
14,2009,04,0.044,255.29,50.11,53.13,51.62
14,2009,05,0.046,257.25,47.51,49.04,48.27
14,2009,06,0.049,260.64,44.13,40.97,42.55
14,2009,07,0.056,264.70,43.58,32.87,38.23
14,2009,08,0.067,268.31,47.12,27.48,37.30
14,2009,09,0.081,271.45,52.82,24.14,38.48
14,2009,10,0.093,274.39,55.35,23.08,39.22
14,2009,11,0.108,278.36,58.47,19.52,39.00
14,2009,12,0.131,281.92,64.49,16.90,40.69
14,2009,13,0.159,286.11,71.62,11.06,41.34
14,2009,14,0.185,289.91,75.26,6.52,40.89
14,2009,15,0.205,292.12,74.32,7.20,40.76
14,2009,16,0.226,293.91,71.33,11.09,41.21
14,2009,17,0.247,295.49,67.50,15.90,41.70
14,2009,18,0.268,296.68,63.55,22.73,43.14
14,2009,19,0.295,298.03,61.73,27.42,44.57
14,2009,20,0.328,299.42,60.61,29.69,45.15
14,2009,21,0.357,300.38,60.40,32.09,46.24
14,2009,22,0.379,301.45,59.87,27.36,43.62
14,2009,23,0.394,302.66,61.76,20.27,41.01
14,2009,24,0.400,303.57,64.60,16.51,40.56
14,2009,25,0.398,303.87,65.27,17.95,41.61
14,2009,26,0.391,304.20,64.07,19.15,41.61
14,2009,27,0.379,304.51,61.27,19.63,40.45
14,2009,28,0.362,304.43,56.38,23.08,39.73
14,2009,29,0.348,304.19,53.19,27.79,40.49
14,2009,30,0.332,303.67,49.80,34.22,42.01
14,2009,31,0.320,303.18,49.92,38.39,44.15
14,2009,32,0.311,302.68,50.55,40.89,45.72
14,2009,33,0.300,302.10,49.13,39.67,44.40
14,2009,34,0.289,301.49,48.80,35.88,42.34
14,2009,35,0.276,300.77,49.75,30.29,40.02
14,2009,36,0.267,299.56,53.28,24.18,38.73
14,2009,37,0.259,298.26,58.43,15.55,36.99
14,2009,38,0.244,295.96,57.53,14.95,36.24
14,2009,39,0.228,293.18,55.40,19.85,37.63
14,2009,40,0.215,290.75,54.27,19.60,36.94
14,2009,41,0.198,288.17,53.12,18.59,35.86
14,2009,42,0.179,284.79,52.82,25.45,39.14
14,2009,43,0.152,280.47,48.99,38.16,43.58
14,2009,44,0.123,275.68,43.03,48.68,45.85
14,2009,45,0.104,272.39,40.10,46.35,43.23
14,2009,46,0.089,269.61,39.77,42.28,41.02
14,2009,47,0.079,266.70,41.24,40.21,40.73
14,2009,48,0.068,264.09,41.65,38.07,39.86
14,2009,49,0.065,262.20,45.94,35.63,40.78
14,2009,50,0.061,259.79,52.06,36.87,44.47
14,2009,51,0.054,257.44,51.15,42.70,46.92
14,2009,52,0.047,255.63,51.00,49.56,50.28
14,2010,01,0.038,254.23,42.62,56.41,49.52
14,2010,02,0.038,255.27,43.90,51.34,47.62
14,2010,03,0.038,255.27,44.02,51.59,47.81
14,2010,04,0.036,255.00,39.04,54.24,46.64
14,2010,05,0.035,255.54,34.72,56.42,45.57
14,2010,06,0.039,258.14,33.69,51.20,42.45
14,2010,07,0.044,261.34,32.69,45.73,39.21
14,2010,08,0.051,264.62,35.04,40.65,37.85
14,2010,09,0.063,268.69,39.39,33.41,36.40
14,2010,10,0.077,272.77,44.81,27.99,36.40
14,2010,11,0.093,276.11,49.58,26.11,37.84
14,2010,12,0.110,279.82,53.20,23.36,38.28
14,2010,13,0.129,283.03,56.87,21.55,39.21
14,2010,14,0.155,286.59,61.28,17.99,39.64
14,2010,15,0.187,290.29,66.30,13.74,40.02
14,2010,16,0.222,292.90,69.38,14.81,42.10
14,2010,17,0.256,294.92,70.28,18.08,44.18
14,2010,18,0.290,296.52,71.39,22.87,47.13
14,2010,19,0.325,297.83,72.90,28.04,50.47
14,2010,20,0.357,298.69,72.32,34.88,53.60
14,2010,21,0.390,299.58,75.27,38.16,56.72
14,2010,22,0.415,300.95,78.31,31.11,54.71
14,2010,23,0.427,302.22,79.72,23.71,51.71
14,2010,24,0.430,303.34,79.83,18.57,49.20
14,2010,25,0.423,304.21,78.02,15.30,46.66
14,2010,26,0.410,304.72,74.31,15.05,44.68
14,2010,27,0.401,305.34,72.13,13.42,42.78
14,2010,28,0.388,306.10,69.20,10.45,39.83
14,2010,29,0.372,306.89,64.88,7.45,36.17
14,2010,30,0.352,307.54,60.17,5.54,32.85
14,2010,31,0.330,307.65,54.79,5.38,30.08
14,2010,32,0.306,307.34,47.93,5.72,26.82
14,2010,33,0.287,305.93,41.86,8.54,25.20
14,2010,34,0.272,304.07,39.55,13.40,26.48
14,2010,35,0.264,302.56,42.86,14.33,28.59
14,2010,36,0.252,300.93,44.99,12.23,28.61
14,2010,37,0.237,299.03,45.74,9.61,27.67
14,2010,38,0.219,296.75,43.64,8.51,26.08
14,2010,39,0.199,294.16,40.02,10.43,25.23
14,2010,40,0.185,290.14,38.81,25.94,32.38
14,2010,41,0.172,287.05,39.86,29.72,34.79
14,2010,42,0.158,285.46,41.98,19.04,30.51
14,2010,43,0.142,282.96,44.00,19.20,31.60
14,2010,44,0.124,280.22,43.72,20.06,31.89
14,2010,45,0.108,277.34,42.80,20.93,31.87
14,2010,46,0.093,273.32,42.62,27.19,34.91
14,2010,47,0.078,268.03,40.08,36.67,38.38
14,2010,48,0.067,263.00,40.12,44.45,42.28
14,2010,49,0.058,258.15,39.09,54.22,46.65
14,2010,50,0.052,255.62,39.89,56.09,47.99
14,2010,51,0.046,254.23,39.41,57.28,48.34
14,2010,52,0.042,253.53,42.15,59.20,50.67
14,2011,01,0.038,252.89,42.05,62.09,52.07
14,2011,02,0.035,253.38,40.49,59.91,50.20
14,2011,03,0.033,255.02,37.01,52.63,44.82
14,2011,04,0.030,255.45,30.44,52.27,41.35
14,2011,05,0.029,256.27,26.66,53.46,40.06
14,2011,06,0.030,258.08,24.11,51.67,37.89
14,2011,07,0.031,260.07,21.77,50.72,36.25
14,2011,08,0.032,261.59,20.11,51.49,35.80
14,2011,09,0.036,263.95,20.89,49.62,35.26
14,2011,10,0.046,267.12,24.50,46.91,35.71
14,2011,11,0.058,270.89,28.20,43.69,35.95
14,2011,12,0.075,275.10,34.02,39.56,36.79
14,2011,13,0.094,278.84,39.45,36.50,37.98
14,2011,14,0.118,283.06,43.94,30.66,37.30
14,2011,15,0.145,287.30,48.22,24.90,36.56
14,2011,16,0.176,291.62,51.20,19.90,35.55
14,2011,17,0.208,294.46,52.62,20.13,36.38
14,2011,18,0.248,296.67,55.73,21.79,38.76
14,2011,19,0.294,298.50,61.30,23.15,42.23
14,2011,20,0.339,299.46,65.33,28.77,47.05
14,2011,21,0.380,299.98,71.18,34.90,53.04
14,2011,22,0.406,300.69,73.91,33.44,53.68
14,2011,23,0.419,301.40,75.46,30.98,53.22
14,2011,24,0.420,301.24,75.31,37.89,56.60
14,2011,25,0.420,300.83,76.69,46.49,61.59
14,2011,26,0.419,300.82,78.92,50.95,64.93
14,2011,27,0.417,301.06,80.20,50.37,65.28
14,2011,28,0.415,301.50,82.11,48.33,65.22
14,2011,29,0.407,301.84,82.33,47.86,65.10
14,2011,30,0.394,301.96,81.01,48.57,64.79
14,2011,31,0.382,302.38,81.54,45.09,63.31
14,2011,32,0.367,302.38,79.97,43.40,61.69
14,2011,33,0.346,301.79,74.53,42.40,58.47
14,2011,34,0.328,301.16,70.79,38.95,54.87
14,2011,35,0.304,299.81,65.74,39.67,52.71
14,2011,36,0.276,298.03,58.75,39.30,49.03
14,2011,37,0.248,296.44,51.91,33.32,42.62
14,2011,38,0.224,294.70,46.54,27.84,37.19
14,2011,39,0.199,292.58,39.47,25.91,32.69
14,2011,40,0.176,290.24,33.89,24.67,29.28
14,2011,41,0.159,287.39,32.67,26.20,29.44
14,2011,42,0.139,283.39,31.83,38.97,35.40
14,2011,43,0.125,280.02,34.66,42.81,38.74
14,2011,44,0.115,277.15,38.52,40.26,39.39
14,2011,45,0.106,274.30,42.07,37.12,39.59
14,2011,46,0.092,271.35,42.69,35.50,39.09
14,2011,47,0.077,267.54,39.78,37.95,38.87
14,2011,48,0.065,264.38,38.70,37.72,38.21
14,2011,49,0.057,261.55,38.20,38.78,38.49
14,2011,50,0.053,259.51,42.68,38.20,40.44
14,2011,51,0.053,257.81,50.02,41.23,45.62
14,2011,52,0.049,256.31,54.83,46.38,50.60
14,2012,01,0.047,254.87,57.88,53.27,55.58
14,2012,02,0.045,253.45,57.22,59.72,58.47
14,2012,03,0.043,252.32,52.50,64.84,58.67
14,2012,04,0.042,252.66,47.98,64.75,56.36
14,2012,05,0.041,253.42,42.17,65.92,54.04
14,2012,06,0.041,254.24,36.42,67.34,51.88
14,2012,07,0.039,255.61,29.48,67.40,48.44
14,2012,08,0.037,257.15,24.86,67.04,45.95
14,2012,09,0.039,260.08,23.12,62.67,42.90
14,2012,10,0.048,263.86,25.78,58.13,41.95
14,2012,11,0.064,268.23,32.15,53.23,42.69
14,2012,12,0.087,273.60,40.86,45.03,42.94
14,2012,13,0.113,278.86,48.92,36.39,42.65
14,2012,14,0.143,283.85,55.72,27.53,41.63
14,2012,15,0.177,288.40,61.87,20.43,41.15
14,2012,16,0.219,292.79,68.42,15.22,41.82
14,2012,17,0.271,296.23,76.26,12.16,44.21
14,2012,18,0.314,298.61,80.30,11.06,45.68
14,2012,19,0.346,300.03,80.60,12.78,46.69
14,2012,20,0.367,300.57,76.23,20.00,48.12
14,2012,21,0.380,300.42,70.78,31.17,50.98
14,2012,22,0.411,302.40,75.87,19.22,47.55
14,2012,23,0.421,302.48,76.34,21.77,49.06
14,2012,24,0.426,302.36,77.88,27.82,52.85
14,2012,25,0.427,302.47,79.95,31.27,55.61
14,2012,26,0.426,302.75,81.12,32.91,57.01
14,2012,27,0.415,303.23,77.84,31.20,54.52
14,2012,28,0.403,303.44,75.51,31.76,53.63
14,2012,29,0.391,303.83,73.73,31.01,52.37
14,2012,30,0.377,304.32,72.13,28.93,50.53
14,2012,31,0.359,304.36,69.34,28.87,49.10
14,2012,32,0.333,303.86,62.17,31.32,46.75
14,2012,33,0.312,303.05,56.07,31.62,43.85
14,2012,34,0.297,302.19,53.98,29.99,41.99
14,2012,35,0.283,301.29,54.32,26.15,40.24
14,2012,36,0.269,300.47,54.94,16.76,35.85
14,2012,37,0.252,299.43,54.73,7.99,31.36
14,2012,38,0.232,297.97,51.07,3.42,27.24
14,2012,39,0.215,296.49,48.36,1.20,24.78
14,2012,40,0.202,294.83,47.76,0.29,24.03
14,2012,41,0.186,292.20,47.20,0.33,23.77
14,2012,42,0.170,288.97,48.53,1.33,24.93
14,2012,43,0.157,286.34,52.55,2.41,27.48
14,2012,44,0.143,283.13,54.74,4.21,29.47
14,2012,45,0.126,279.16,54.40,10.41,32.41
14,2012,46,0.109,275.38,54.29,16.21,35.25
14,2012,47,0.090,270.83,50.46,23.47,36.97
14,2012,48,0.075,266.36,48.18,29.06,38.62
14,2012,49,0.061,261.95,42.21,37.04,39.62
14,2012,50,0.049,258.13,36.33,44.48,40.41
14,2012,51,0.039,255.15,28.49,53.31,40.90
14,2012,52,0.034,252.78,28.35,62.80,45.57
14,2013,01,0.040,251.37,43.66,68.11,55.89
14,2013,02,0.038,250.30,43.86,71.77,57.82
14,2013,03,0.037,250.24,43.72,71.73,57.73
14,2013,04,0.040,251.30,44.92,69.73,57.33
14,2013,05,0.043,254.07,43.16,63.22,53.19
14,2013,06,0.048,258.53,42.55,50.49,46.52
14,2013,07,0.057,263.35,43.64,38.72,41.18
14,2013,08,0.070,267.85,48.40,29.87,39.13
14,2013,09,0.085,271.79,53.15,23.80,38.47
14,2013,10,0.099,275.58,55.63,20.02,37.82
14,2013,11,0.113,278.67,57.18,20.05,38.62
14,2013,12,0.128,282.30,59.24,18.18,38.71
14,2013,13,0.145,285.49,61.93,16.33,39.13
14,2013,14,0.167,288.81,64.49,12.88,38.69
14,2013,15,0.194,292.35,67.53,8.51,38.02
14,2013,16,0.227,295.56,69.91,6.52,38.22
14,2013,17,0.262,297.79,71.20,6.93,39.06
14,2013,18,0.299,299.42,72.79,8.71,40.75
14,2013,19,0.331,300.84,72.65,10.06,41.36
14,2013,20,0.355,301.50,69.35,14.27,41.81
14,2013,21,0.372,301.45,65.02,23.13,44.08
14,2013,22,0.383,301.56,59.87,26.79,43.33
14,2013,23,0.389,301.54,57.35,30.28,43.82
14,2013,24,0.391,301.81,57.60,33.06,45.34
14,2013,25,0.391,302.36,58.61,32.28,45.46
14,2013,26,0.386,302.65,57.98,33.90,45.95
14,2013,27,0.376,302.75,56.07,35.50,45.79
14,2013,28,0.364,302.70,54.00,38.26,46.14
14,2013,29,0.347,302.16,50.10,45.38,47.74
14,2013,30,0.334,301.89,48.74,49.33,49.03
14,2013,31,0.323,301.79,49.60,50.07,49.83
14,2013,32,0.307,301.01,46.85,55.26,51.05
14,2013,33,0.289,299.57,42.05,62.96,52.50
14,2013,34,0.271,297.91,38.15,70.49,54.32
14,2013,35,0.253,295.59,36.23,80.47,58.35
14,2013,36,0.231,292.70,33.12,88.32,60.72
14,2013,37,0.210,289.99,30.59,90.91,60.75
14,2013,38,0.196,287.88,31.01,92.15,61.58
14,2013,39,0.193,286.72,36.62,87.20,61.91
14,2013,40,0.192,285.41,42.34,78.53,60.44
14,2013,41,0.189,283.74,48.32,69.40,58.86
14,2013,42,0.179,281.92,52.67,58.70,55.68
14,2013,43,0.172,280.90,59.26,41.00,50.13
14,2013,44,0.161,280.34,63.32,21.68,42.50
14,2013,45,0.150,278.44,67.11,14.55,40.83
14,2013,46,0.132,275.55,67.85,15.45,41.65
14,2013,47,0.117,273.02,68.61,14.38,41.50
14,2013,48,0.103,270.31,70.17,13.24,41.70
14,2013,49,0.087,267.47,66.53,14.78,40.65
14,2013,50,0.072,264.34,63.68,19.01,41.35
14,2013,51,0.060,261.12,59.41,27.85,43.63
14,2013,52,0.054,258.62,60.72,36.10,48.41
14,2014,01,0.053,256.81,66.89,42.45,54.67
14,2014,02,0.051,254.80,65.71,51.07,58.39
14,2014,03,0.051,253.57,63.57,56.83,60.20
14,2014,04,0.054,253.73,62.17,59.05,60.61
14,2014,05,0.058,256.43,59.78,52.99,56.39
14,2014,06,0.066,260.90,59.52,40.82,50.17
14,2014,07,0.081,266.15,63.35,28.32,45.83
14,2014,08,0.103,271.31,73.38,17.88,45.63
14,2014,09,0.127,275.90,81.41,10.30,45.86
14,2014,10,0.150,280.02,87.16,5.80,46.48
14,2014,11,0.169,283.43,88.46,4.92,46.69
14,2014,12,0.186,286.63,88.45,3.98,46.21
14,2014,13,0.200,289.04,87.58,4.12,45.85
14,2014,14,0.217,290.98,86.29,5.20,45.75
14,2014,15,0.236,292.55,84.97,7.61,46.29
14,2014,16,0.262,294.03,83.52,12.47,48.00
14,2014,17,0.296,295.30,83.66,18.83,51.24
14,2014,18,0.332,296.44,84.35,26.89,55.62
14,2014,19,0.363,297.77,84.39,32.24,58.31
14,2014,20,0.385,298.40,81.49,38.86,60.18
14,2014,21,0.403,298.89,79.04,44.48,61.76
14,2014,22,0.413,299.36,75.41,45.08,60.25
14,2014,23,0.422,299.67,74.86,46.76,60.81
14,2014,24,0.424,299.84,75.03,51.71,63.38
14,2014,25,0.424,300.29,75.71,52.08,63.91
14,2014,26,0.424,300.90,76.64,50.42,63.55
14,2014,27,0.421,301.46,76.94,46.89,61.93
14,2014,28,0.411,301.86,75.84,45.32,60.59
14,2014,29,0.399,302.61,74.54,41.43,57.99
14,2014,30,0.383,303.18,72.43,38.50,55.46
14,2014,31,0.363,303.38,69.47,36.98,53.23
14,2014,32,0.343,303.44,65.54,34.81,50.17
14,2014,33,0.324,303.05,60.86,31.75,46.31
14,2014,34,0.306,302.20,57.43,30.10,43.76
14,2014,35,0.287,301.04,55.20,28.44,41.82
14,2014,36,0.267,299.41,53.65,26.72,40.18
14,2014,37,0.249,297.76,52.47,24.12,38.30
14,2014,38,0.231,296.14,50.85,23.47,37.16
14,2014,39,0.217,294.11,49.15,24.33,36.74
14,2014,40,0.205,291.58,48.87,26.98,37.93
14,2014,41,0.191,288.70,49.03,28.44,38.73
14,2014,42,0.171,285.66,48.48,27.48,37.98
14,2014,43,0.155,282.94,50.19,26.08,38.13
14,2014,44,0.138,280.60,50.87,20.04,35.46
14,2014,45,0.124,277.25,51.91,21.19,36.55
14,2014,46,0.107,273.68,51.33,24.48,37.90
14,2014,47,0.090,270.15,48.91,26.96,37.94
14,2014,48,0.077,267.09,47.34,27.02,37.18
14,2014,49,0.066,264.44,45.50,27.95,36.73
14,2014,50,0.057,261.44,46.12,31.91,39.01
14,2014,51,0.050,258.72,45.05,38.60,41.83
14,2014,52,0.046,256.43,47.70,46.19,46.94
14,2015,01,0.045,254.96,52.55,51.10,51.82
14,2015,02,0.043,254.08,52.43,54.42,53.42
14,2015,03,0.042,254.19,50.45,54.05,52.25
14,2015,04,0.046,255.65,51.35,50.22,50.79
14,2015,05,0.049,258.96,50.01,41.58,45.79
14,2015,06,0.055,262.97,48.42,32.29,40.35
14,2015,07,0.065,267.20,49.30,24.19,36.75
14,2015,08,0.079,271.74,54.90,15.96,35.43
14,2015,09,0.093,275.71,58.47,10.32,34.39
14,2015,10,0.106,279.43,60.22,7.09,33.65
14,2015,11,0.118,282.17,60.15,8.58,34.36
14,2015,12,0.129,284.27,59.53,11.73,35.63
14,2015,13,0.141,286.04,59.67,14.42,37.04
14,2015,14,0.153,287.45,57.92,17.54,37.73
14,2015,15,0.169,289.17,56.91,20.01,38.46
14,2015,16,0.196,291.57,57.55,22.15,39.85
14,2015,17,0.231,294.19,59.30,24.04,41.67
14,2015,18,0.270,296.18,61.77,28.27,45.02
14,2015,19,0.310,297.49,64.65,34.28,49.46
14,2015,20,0.348,298.54,66.62,37.91,52.26
14,2015,21,0.379,300.06,68.03,34.67,51.35
14,2015,22,0.394,300.55,65.56,35.11,50.33
14,2015,23,0.404,301.05,65.60,34.37,49.98
14,2015,24,0.409,301.54,67.37,35.30,51.34
14,2015,25,0.412,301.76,69.61,37.88,53.75
14,2015,26,0.414,302.00,71.88,39.91,55.90
14,2015,27,0.413,302.25,73.39,39.83,56.62
14,2015,28,0.406,302.89,73.90,36.40,55.16
14,2015,29,0.397,303.69,73.70,32.12,52.91
14,2015,30,0.384,304.23,72.66,29.75,51.21
14,2015,31,0.366,304.11,70.80,30.91,50.86
14,2015,32,0.346,303.87,66.83,31.13,48.98
14,2015,33,0.327,303.76,62.27,25.32,43.79
14,2015,34,0.308,303.22,58.13,20.52,39.32
14,2015,35,0.287,302.19,55.34,17.46,36.40
14,2015,36,0.267,300.99,53.19,12.19,32.69
14,2015,37,0.250,299.74,52.95,7.19,30.07
14,2015,38,0.237,298.42,53.89,4.69,29.29
14,2015,39,0.223,295.98,52.37,8.51,30.44
14,2015,40,0.209,292.32,50.75,20.85,35.80
14,2015,41,0.194,288.62,50.60,29.15,39.88
14,2015,42,0.174,285.47,50.18,29.11,39.65
14,2015,43,0.154,281.82,49.76,34.48,42.12
14,2015,44,0.132,278.73,47.39,32.52,39.96
14,2015,45,0.112,275.05,44.56,34.30,39.43
14,2015,46,0.095,271.98,43.25,33.44,38.35
14,2015,47,0.083,269.39,42.90,30.91,36.91
14,2015,48,0.074,267.28,44.95,26.72,35.84
14,2015,49,0.067,265.45,46.30,24.00,35.15
14,2015,50,0.062,263.70,51.11,22.44,36.77
14,2015,51,0.059,261.90,56.19,24.67,40.43
14,2015,52,0.055,260.00,62.06,29.79,45.92
14,2016,01,0.053,257.58,67.09,38.76,52.92
14,2016,02,0.053,257.05,68.38,40.70,54.54
14,2016,03,0.056,258.41,69.73,35.21,52.47
14,2016,04,0.059,260.14,69.32,30.66,49.99
14,2016,05,0.064,263.43,66.40,22.43,44.42
14,2016,06,0.071,267.17,63.53,15.30,39.42
14,2016,07,0.080,270.69,62.24,11.16,36.70
14,2016,08,0.091,273.65,63.72,9.36,36.54
14,2016,09,0.100,275.95,63.16,9.57,36.37
14,2016,10,0.109,278.18,61.58,11.15,36.37
14,2016,11,0.133,281.81,68.42,9.31,38.87
14,2016,12,0.149,284.87,69.78,9.28,39.53
14,2016,13,0.164,287.04,70.66,10.74,40.70
14,2016,14,0.181,288.97,70.55,12.05,41.30
14,2016,15,0.202,290.71,70.52,14.17,42.34
14,2016,16,0.229,292.67,70.44,17.62,44.03
14,2016,17,0.262,293.72,70.77,26.22,48.50
14,2016,18,0.298,293.78,71.99,42.82,57.40
14,2016,19,0.334,294.52,73.41,55.47,64.44
14,2016,20,0.366,295.44,73.79,62.52,68.16
14,2016,21,0.392,295.94,73.98,69.32,71.65
14,2016,22,0.408,296.48,72.75,69.46,71.11
14,2016,23,0.421,297.13,74.32,69.40,71.86
14,2016,24,0.431,298.25,78.91,66.82,72.88
14,2016,25,0.439,299.60,83.58,58.53,71.07
14,2016,26,0.439,300.47,83.87,54.28,69.09
14,2016,27,0.433,301.27,82.85,48.46,65.66
14,2016,28,0.422,301.76,80.70,46.11,63.42
14,2016,29,0.407,301.95,77.98,46.95,62.47
14,2016,30,0.391,301.87,75.90,49.31,62.60
14,2016,31,0.375,301.57,74.97,51.77,63.37
14,2016,32,0.358,300.84,72.82,56.59,64.70
14,2016,33,0.343,300.28,71.10,56.68,63.89
14,2016,34,0.329,299.60,70.10,54.87,62.48
14,2016,35,0.309,298.18,67.83,55.72,61.77
14,2016,36,0.288,296.27,65.28,55.30,60.29
14,2016,37,0.265,293.73,61.79,58.45,60.12
14,2016,38,0.242,290.95,56.85,66.26,61.56
14,2016,39,0.224,288.31,53.02,73.65,63.33
14,2016,40,0.208,285.54,50.66,77.50,64.08
14,2016,41,0.195,282.72,51.08,77.81,64.44
14,2016,42,0.178,280.05,51.78,74.38,63.08
14,2016,43,0.161,277.71,53.66,64.75,59.20
14,2016,44,0.144,275.64,53.93,52.54,53.24
14,2016,45,0.129,272.78,54.49,46.76,50.63
14,2016,46,0.113,270.36,55.06,41.05,48.06
14,2016,47,0.100,267.91,55.49,37.37,46.43
14,2016,48,0.085,264.83,54.72,37.24,45.98
14,2016,49,0.073,261.94,53.28,39.09,46.19
14,2016,50,0.062,258.71,51.96,44.15,48.05
14,2016,51,0.053,255.85,49.43,51.59,50.51
14,2016,52,0.049,254.05,52.20,57.46,54.83
14,2017,01,0.046,252.31,55.62,63.86,59.74
14,2017,02,0.044,251.57,54.22,66.24,60.23
14,2017,03,0.043,251.57,51.74,66.01,58.87
14,2017,04,0.044,251.96,49.70,66.93,58.32
14,2017,05,0.046,253.86,45.94,64.17,55.06
14,2017,06,0.051,257.10,44.21,56.22,50.21
14,2017,07,0.059,261.41,45.03,45.79,45.41
14,2017,08,0.073,266.69,50.63,33.63,42.13
14,2017,09,0.093,272.59,58.36,20.89,39.63
14,2017,10,0.112,277.28,64.00,14.21,39.10
14,2017,11,0.132,280.91,68.08,12.49,40.29
14,2017,12,0.151,284.17,70.87,11.64,41.26
14,2017,13,0.170,286.93,73.60,11.04,42.32
14,2017,14,0.190,288.73,74.54,12.75,43.65
14,2017,15,0.214,291.19,75.64,12.35,44.00
14,2017,16,0.244,293.72,76.50,13.48,44.99
14,2017,17,0.278,295.04,76.84,19.83,48.33
14,2017,18,0.312,295.95,77.12,29.51,53.32
14,2017,19,0.345,296.81,77.50,38.76,58.13
14,2017,20,0.372,297.26,76.30,47.75,62.03
14,2017,21,0.395,297.42,75.39,56.65,66.02
14,2017,22,0.410,297.54,73.99,60.24,67.12
14,2017,23,0.422,298.27,75.20,58.91,67.06
14,2017,24,0.430,299.40,78.25,55.55,66.91
14,2017,25,0.432,299.95,79.84,55.05,67.45
14,2017,26,0.427,300.44,78.51,54.55,66.54
14,2017,27,0.418,301.19,76.22,49.27,62.75
14,2017,28,0.406,302.00,73.81,44.03,58.92
14,2017,29,0.391,302.70,70.76,40.55,55.66
14,2017,30,0.374,303.43,68.02,36.38,52.20
14,2017,31,0.357,304.24,66.46,29.81,48.13
14,2017,32,0.338,304.41,63.09,26.53,44.81
14,2017,33,0.318,303.88,57.36,24.12,40.74
14,2017,34,0.295,303.01,51.19,22.37,36.78
14,2017,35,0.272,301.82,47.37,20.91,34.14
14,2017,36,0.253,300.28,45.39,18.52,31.95
14,2017,37,0.234,298.11,44.46,20.81,32.64
14,2017,38,0.218,295.63,43.05,27.34,35.20
14,2017,39,0.205,293.43,42.77,30.05,36.41
14,2017,40,0.189,290.44,40.47,36.80,38.63
14,2017,41,0.166,286.72,36.10,44.98,40.54
14,2017,42,0.140,282.68,32.37,52.55,42.46
14,2017,43,0.118,278.73,30.75,57.03,43.88
14,2017,44,0.099,276.05,29.03,49.49,39.25
14,2017,45,0.079,271.90,25.31,51.63,38.47
14,2017,46,0.066,268.34,24.03,50.76,37.40
14,2017,47,0.059,265.64,25.13,47.13,36.13
14,2017,48,0.053,263.28,27.24,43.64,35.44
14,2017,49,0.051,261.79,31.27,39.59,35.43
14,2017,50,0.048,259.96,35.08,38.66,36.87
14,2017,51,0.046,258.55,40.03,39.50,39.77
14,2017,52,0.047,258.35,48.68,41.37,45.03
14,2018,01,0.047,256.60,56.44,42.14,49.29
14,2018,02,0.044,254.97,55.38,49.03,52.21
14,2018,03,0.043,253.90,51.41,55.90,53.65
14,2018,04,0.044,253.80,47.73,61.01,54.37
14,2018,05,0.043,254.71,42.68,59.89,51.29
14,2018,06,0.044,256.66,37.52,57.14,47.33
14,2018,07,0.048,259.43,33.83,55.24,44.53
14,2018,08,0.054,261.81,34.62,52.17,43.39
14,2018,09,0.059,263.71,35.74,50.43,43.09
14,2018,10,0.063,265.90,34.76,51.30,43.03
14,2018,11,0.077,268.63,35.44,53.69,44.57
14,2018,12,0.095,272.91,41.06,49.04,45.05
14,2018,13,0.119,278.07,48.99,40.97,44.98
14,2018,14,0.152,284.00,56.84,29.48,43.16
14,2018,15,0.186,288.61,62.82,22.15,42.49
14,2018,16,0.221,292.27,67.27,19.26,43.27
14,2018,17,0.261,294.85,70.62,20.96,45.79
14,2018,18,0.303,296.70,73.88,25.03,49.46
14,2018,19,0.340,298.14,76.04,29.25,52.64
14,2018,20,0.372,298.86,76.27,35.06,55.67
14,2018,21,0.397,299.33,76.53,40.87,58.70
14,2018,22,0.414,300.14,75.68,38.73,57.21
14,2018,23,0.422,300.62,75.13,38.46,56.79
14,2018,24,0.425,301.27,75.72,38.09,56.91
14,2018,25,0.426,301.96,76.48,35.95,56.22
14,2018,26,0.422,302.04,75.53,39.43,57.48
14,2018,27,0.415,301.96,74.28,42.19,58.24
14,2018,28,0.407,301.99,73.90,43.95,58.93
14,2018,29,0.397,302.06,73.45,45.80,59.62
14,2018,30,0.385,302.22,72.97,46.19,59.58
14,2018,31,0.371,302.54,72.95,43.49,58.22
14,2018,32,0.356,303.07,72.03,37.54,54.79
14,2018,33,0.340,303.24,69.27,29.56,49.42
14,2018,34,0.321,302.91,65.33,23.03,44.18
14,2018,35,0.299,302.24,62.17,16.57,39.37
14,2018,36,0.278,301.04,59.61,11.36,35.49
14,2018,37,0.259,299.28,58.11,10.69,34.40
14,2018,38,0.244,297.33,57.99,13.17,35.58
14,2018,39,0.233,295.29,58.19,13.95,36.07
14,2018,40,0.221,292.99,57.45,15.03,36.24
14,2018,41,0.206,290.51,57.05,13.41,35.23
14,2018,42,0.188,287.86,57.48,9.31,33.39
14,2018,43,0.171,285.08,58.77,10.37,34.57
14,2018,44,0.154,282.72,59.87,6.12,33.00
14,2018,45,0.142,279.94,62.72,5.76,34.24
14,2018,46,0.128,277.33,65.44,6.20,35.82
14,2018,47,0.116,275.28,68.75,3.77,36.26
