provinceID,year,week,SMN,SMT,VCI,TCI,VHI
7,2000,01,0.064,258.21,23.30,67.33,45.31
7,2000,02,0.065,258.12,24.86,69.38,47.12
7,2000,03,0.070,259.57,28.99,66.64,47.81
7,2000,04,0.079,261.93,34.83,61.69,48.26
7,2000,05,0.090,264.54,37.73,56.70,47.22
7,2000,06,0.103,266.41,40.96,53.24,47.10
7,2000,07,0.116,268.54,44.04,48.22,46.13
7,2000,08,0.127,270.46,46.20,46.14,46.17
7,2000,09,0.136,271.82,47.05,47.56,47.31
7,2000,10,0.142,272.95,46.12,49.84,47.98
7,2000,11,0.153,274.49,46.38,50.96,48.67
7,2000,12,0.168,276.12,47.88,54.54,51.21
7,2000,13,0.189,278.35,50.77,53.83,52.30
7,2000,14,0.216,280.82,53.88,49.42,51.65
7,2000,15,0.255,283.54,61.19,40.22,50.70
7,2000,16,0.302,285.80,69.18,35.41,52.30
7,2000,17,0.354,287.59,75.94,34.57,55.26
7,2000,18,0.405,288.80,82.77,35.80,59.29
7,2000,19,0.437,289.65,82.72,37.52,60.12
7,2000,20,0.459,290.79,81.35,35.35,58.35
7,2000,21,0.475,292.05,78.38,32.25,55.31
7,2000,22,0.478,292.97,71.70,28.54,50.12
7,2000,23,0.475,293.52,65.91,26.09,46.00
7,2000,24,0.478,293.90,64.09,23.39,43.74
7,2000,25,0.472,293.79,58.84,24.87,41.86
7,2000,26,0.460,293.44,50.84,31.36,41.10
7,2000,27,0.448,293.14,43.16,40.50,41.83
7,2000,28,0.440,292.98,42.03,46.69,44.36
7,2000,29,0.441,292.90,45.81,49.99,47.90
7,2000,30,0.438,293.13,47.04,48.71,47.87
7,2000,31,0.424,292.89,40.19,50.98,45.59
7,2000,32,0.416,292.54,37.21,53.63,45.42
7,2000,33,0.416,292.71,38.99,47.07,43.03
7,2000,34,0.410,292.24,38.92,47.57,43.24
7,2000,35,0.395,291.06,39.03,52.06,45.55
7,2000,36,0.379,289.76,42.48,51.27,46.87
7,2000,37,0.365,288.45,46.40,48.55,47.48
7,2000,38,0.341,286.98,42.46,49.48,45.97
7,2000,39,0.311,286.04,35.08,44.86,39.97
7,2000,40,0.281,285.62,25.27,36.61,30.94
7,2000,41,0.251,284.49,19.50,31.51,25.50
7,2000,42,0.220,283.16,16.92,29.51,23.21
7,2000,43,0.191,281.90,16.93,25.59,21.26
7,2000,44,0.156,280.00,14.35,24.61,19.48
7,2000,45,0.134,278.41,16.23,21.74,18.98
7,2000,46,0.124,277.25,22.57,18.85,20.71
7,2000,47,0.112,275.93,26.94,18.18,22.56
7,2000,48,0.104,274.88,30.77,17.46,24.11
7,2000,49,0.100,273.58,33.11,17.60,25.35
7,2000,50,0.097,271.92,36.33,17.80,27.07
7,2000,51,0.095,269.84,40.60,21.19,30.90
7,2000,52,0.097,268.76,44.85,23.44,34.15
7,2001,01,0.103,267.59,48.62,28.02,38.32
7,2001,02,0.105,265.94,52.34,34.84,43.59
7,2001,03,0.105,265.21,52.66,38.90,45.78
7,2001,04,0.104,264.84,50.10,43.33,46.71
7,2001,05,0.102,264.32,44.81,49.19,47.00
7,2001,06,0.106,264.59,42.91,51.21,47.06
7,2001,07,0.115,265.63,44.15,50.07,47.11
7,2001,08,0.125,267.77,46.86,47.34,47.10
7,2001,09,0.135,270.03,48.56,47.76,48.16
7,2001,10,0.153,272.49,52.62,47.09,49.86
7,2001,11,0.180,275.70,59.72,42.78,51.25
7,2001,12,0.205,278.32,64.24,41.76,53.00
7,2001,13,0.225,280.94,65.80,37.40,51.60
7,2001,14,0.247,282.90,66.52,34.98,50.75
7,2001,15,0.263,284.19,64.10,35.59,49.85
7,2001,16,0.283,285.78,61.22,35.94,48.58
7,2001,17,0.313,287.05,60.25,39.09,49.67
7,2001,18,0.344,287.70,60.54,45.06,52.80
7,2001,19,0.380,288.67,62.38,46.04,54.21
7,2001,20,0.407,289.61,62.67,46.71,54.69
7,2001,21,0.414,289.27,56.33,59.25,57.79
7,2001,22,0.422,288.85,51.62,68.11,59.86
7,2001,23,0.421,288.31,46.76,75.38,61.07
7,2001,24,0.432,289.04,48.57,72.70,60.64
7,2001,25,0.451,290.48,54.43,62.04,58.24
7,2001,26,0.468,291.73,59.95,52.50,56.22
7,2001,27,0.484,292.89,66.16,44.65,55.41
7,2001,28,0.488,293.24,70.77,44.05,57.41
7,2001,29,0.491,293.34,74.64,44.80,59.72
7,2001,30,0.495,293.66,78.99,42.13,60.56
7,2001,31,0.491,293.28,78.68,45.95,62.32
7,2001,32,0.486,292.70,78.34,51.64,64.99
7,2001,33,0.486,292.43,80.88,50.89,65.89
7,2001,34,0.472,291.30,77.83,60.16,69.00
7,2001,35,0.451,289.60,73.75,70.26,72.01
7,2001,36,0.428,287.42,70.48,76.22,73.35
7,2001,37,0.419,286.00,72.99,71.35,72.17
7,2001,38,0.413,285.49,75.64,63.68,69.66
7,2001,39,0.405,284.88,77.78,56.20,66.99
7,2001,40,0.391,283.85,78.06,54.79,66.43
7,2001,41,0.379,282.59,82.38,51.11,66.74
7,2001,42,0.357,280.86,83.77,50.36,67.07
7,2001,43,0.323,278.15,81.26,54.70,67.98
7,2001,44,0.283,274.99,77.01,59.89,68.45
7,2001,45,0.239,271.67,68.88,62.35,65.62
7,2001,46,0.186,268.51,54.13,64.02,59.07
7,2001,47,0.143,265.10,42.38,69.29,55.84
7,2001,48,0.110,261.44,33.54,77.33,55.43
7,2001,49,0.095,258.71,29.73,81.53,55.63
7,2001,50,0.087,257.26,30.44,79.72,55.08
7,2001,51,0.083,256.53,32.90,76.03,54.46
7,2001,52,0.083,256.60,35.59,71.99,53.79
7,2002,01,0.087,257.52,39.26,68.60,53.93
7,2002,02,0.096,260.38,47.15,56.82,51.99
7,2002,03,0.115,264.48,61.92,40.47,51.19
7,2002,04,0.142,268.83,78.80,25.65,52.22
7,2002,05,0.166,271.64,87.28,18.94,53.11
7,2002,06,0.186,273.83,89.41,15.97,52.69
7,2002,07,0.205,275.84,91.69,13.77,52.73
7,2002,08,0.220,277.41,93.60,13.25,53.42
7,2002,09,0.235,278.97,95.54,13.18,54.36
7,2002,10,0.246,280.65,94.94,13.34,54.14
7,2002,11,0.259,282.39,93.94,13.41,53.68
7,2002,12,0.270,283.58,91.47,16.69,54.08
7,2002,13,0.276,284.13,87.50,19.47,53.48
7,2002,14,0.281,284.58,81.45,23.64,52.54
7,2002,15,0.289,285.21,76.05,27.43,51.74
7,2002,16,0.312,286.29,74.06,31.22,52.64
7,2002,17,0.346,287.92,73.96,31.15,52.56
7,2002,18,0.385,289.31,76.98,30.43,53.71
7,2002,19,0.412,290.03,75.82,32.98,54.40
7,2002,20,0.434,290.23,74.71,39.66,57.18
7,2002,21,0.449,290.22,72.17,48.90,60.53
7,2002,22,0.466,290.70,71.28,49.37,60.33
7,2002,23,0.481,291.07,73.66,49.20,61.43
7,2002,24,0.501,292.05,79.70,42.31,61.00
7,2002,25,0.512,293.00,82.58,33.78,58.18
7,2002,26,0.509,293.46,78.69,31.47,55.08
7,2002,27,0.499,293.70,71.62,34.05,52.83
7,2002,28,0.484,293.60,66.57,38.82,52.70
7,2002,29,0.469,293.41,61.74,42.95,52.34
7,2002,30,0.450,292.65,55.08,53.32,54.20
7,2002,31,0.436,292.18,49.17,58.52,53.85
7,2002,32,0.428,291.94,46.67,60.52,53.60
7,2002,33,0.422,291.53,45.28,62.18,53.73
7,2002,34,0.408,290.88,41.33,64.71,53.02
7,2002,35,0.385,289.56,38.03,69.83,53.93
7,2002,36,0.358,287.95,36.12,69.46,52.79
7,2002,37,0.318,285.15,29.75,77.22,53.48
7,2002,38,0.284,282.32,22.07,89.33,55.70
7,2002,39,0.253,280.08,14.11,95.29,54.70
7,2002,40,0.247,279.26,13.70,94.81,54.26
7,2002,41,0.232,278.05,13.23,90.97,52.10
7,2002,42,0.206,276.04,12.17,88.91,50.54
7,2002,43,0.171,273.13,8.28,89.66,48.97
7,2002,44,0.150,271.75,9.90,80.29,45.10
7,2002,45,0.140,270.81,16.53,66.95,41.74
7,2002,46,0.134,269.61,25.39,58.13,41.76
7,2002,47,0.126,267.85,31.92,56.23,44.08
7,2002,48,0.121,266.49,37.38,55.02,46.20
7,2002,49,0.117,264.96,40.32,55.35,47.84
7,2002,50,0.106,262.68,40.07,57.90,48.98
7,2002,51,0.095,260.44,39.75,61.34,50.54
7,2002,52,0.088,259.58,38.47,61.81,50.14
7,2003,01,0.087,259.95,38.70,61.06,49.88
7,2003,02,0.083,260.01,37.24,62.00,49.62
7,2003,03,0.077,259.70,33.07,65.63,49.35
7,2003,04,0.073,259.60,29.41,69.53,49.47
7,2003,05,0.073,260.30,26.03,70.85,48.44
7,2003,06,0.074,261.07,24.29,71.49,47.89
7,2003,07,0.076,261.69,23.01,72.42,47.71
7,2003,08,0.076,262.92,22.02,72.74,47.38
7,2003,09,0.084,265.38,23.64,70.11,46.88
7,2003,10,0.095,267.74,25.89,67.45,46.67
7,2003,11,0.113,270.05,30.23,66.91,48.57
7,2003,12,0.136,272.46,35.33,69.41,52.37
7,2003,13,0.165,275.66,40.94,67.16,54.05
7,2003,14,0.200,279.26,46.98,59.19,53.09
7,2003,15,0.236,282.71,52.65,47.10,49.87
7,2003,16,0.273,285.64,56.83,37.46,47.15
7,2003,17,0.319,288.26,61.65,29.66,45.66
7,2003,18,0.369,290.43,68.69,21.79,45.24
7,2003,19,0.415,292.22,73.78,15.07,44.42
7,2003,20,0.451,293.24,77.52,13.54,45.53
7,2003,21,0.476,293.71,78.23,17.20,47.71
7,2003,22,0.496,294.15,79.39,18.01,48.70
7,2003,23,0.508,294.45,81.27,17.84,49.55
7,2003,24,0.512,294.42,81.27,18.62,49.95
7,2003,25,0.505,294.16,76.84,21.24,49.04
7,2003,26,0.495,293.71,70.31,28.03,49.17
7,2003,27,0.488,293.72,65.26,32.67,48.97
7,2003,28,0.485,294.09,65.45,31.70,48.57
7,2003,29,0.481,294.25,65.93,31.20,48.56
7,2003,30,0.475,294.29,64.82,32.16,48.49
7,2003,31,0.471,294.46,63.52,29.10,46.31
7,2003,32,0.463,294.31,61.02,28.99,45.01
7,2003,33,0.451,293.86,56.37,30.31,43.34
7,2003,34,0.438,292.97,53.11,36.76,44.93
7,2003,35,0.428,292.22,55.55,36.85,46.20
7,2003,36,0.414,291.20,58.30,35.32,46.81
7,2003,37,0.395,289.65,59.03,36.90,47.96
7,2003,38,0.372,287.84,55.83,40.56,48.19
7,2003,39,0.347,285.75,51.35,46.59,48.97
7,2003,40,0.320,283.39,44.25,57.43,50.84
7,2003,41,0.294,281.12,40.24,64.14,52.19
7,2003,42,0.272,279.13,41.71,65.09,53.40
7,2003,43,0.256,278.01,47.21,55.67,51.44
7,2003,44,0.243,277.38,55.18,43.09,49.14
7,2003,45,0.228,276.60,61.18,32.80,46.99
7,2003,46,0.211,275.43,64.95,28.42,46.69
7,2003,47,0.199,274.15,70.08,26.65,48.37
7,2003,48,0.186,272.42,71.78,28.33,50.05
7,2003,49,0.169,270.13,68.75,32.12,50.44
7,2003,50,0.151,267.54,66.96,35.40,51.18
7,2003,51,0.135,264.21,65.03,43.04,54.03
7,2003,52,0.115,258.93,56.14,60.84,58.49
7,2004,01,0.098,253.77,46.61,78.66,62.63
7,2004,05,0.081,253.44,32.05,90.12,61.09
7,2004,06,0.082,255.46,29.25,88.36,58.81
7,2004,07,0.083,256.35,27.07,87.43,57.25
7,2004,08,0.083,255.80,25.63,89.27,57.45
7,2004,09,0.083,254.36,23.56,91.33,57.44
7,2004,10,0.082,254.24,20.54,93.37,56.96
7,2004,25,0.453,291.55,55.53,47.20,51.36
7,2004,26,0.443,291.45,48.64,51.44,50.04
7,2004,27,0.438,291.56,43.25,56.27,49.76
7,2004,28,0.430,291.57,40.83,60.73,50.78
7,2004,30,0.420,291.33,41.29,67.25,54.27
7,2004,31,0.424,291.37,42.89,68.08,55.48
7,2004,32,0.435,291.40,49.39,67.66,58.52
7,2004,33,0.449,291.35,58.30,65.33,61.81
7,2004,34,0.470,291.32,73.01,60.19,66.60
7,2004,35,0.478,290.87,83.25,54.89,69.07
7,2004,36,0.475,290.47,88.12,44.08,66.10
7,2004,37,0.461,289.68,87.99,37.35,62.67
7,2004,38,0.444,288.65,86.30,34.03,60.16
7,2004,39,0.429,287.48,86.32,31.52,58.92
7,2004,40,0.405,286.30,82.90,29.93,56.41
7,2004,41,0.375,285.48,78.99,21.87,50.43
7,2004,42,0.348,284.36,77.34,19.68,48.51
7,2004,43,0.319,282.74,76.54,20.32,48.43
7,2004,44,0.281,280.49,73.03,21.81,47.42
7,2004,45,0.234,277.44,63.45,27.49,45.47
7,2004,46,0.200,273.68,58.44,36.79,47.61
7,2004,47,0.185,271.34,62.12,39.11,50.61
7,2004,48,0.172,269.75,63.77,39.90,51.84
7,2004,49,0.163,268.68,64.68,38.67,51.67
7,2004,50,0.153,268.11,66.46,33.83,50.15
7,2004,51,0.149,267.79,72.03,29.65,50.84
7,2004,52,0.141,266.58,71.50,32.40,51.95
7,2005,01,0.127,265.02,65.77,39.34,52.56
7,2005,02,0.116,263.79,61.05,45.59,53.32
7,2005,03,0.107,261.96,55.83,54.96,55.39
7,2005,04,0.098,260.18,47.30,65.11,56.20
7,2005,05,0.090,258.47,37.65,74.61,56.13
7,2005,06,0.085,257.20,30.64,82.35,56.50
7,2005,07,0.083,256.89,26.91,85.76,56.33
7,2005,08,0.088,257.96,27.41,86.40,56.90
7,2005,09,0.094,259.60,28.12,87.64,57.88
7,2005,10,0.106,262.21,30.34,86.17,58.26
7,2005,11,0.129,266.77,36.93,80.07,58.50
7,2005,12,0.164,272.48,46.98,70.59,58.78
7,2005,13,0.192,276.71,51.94,62.66,57.30
7,2005,14,0.215,280.21,53.18,53.46,53.32
7,2005,15,0.239,283.07,54.27,43.79,49.03
7,2005,16,0.266,285.19,54.57,39.95,47.26
7,2005,17,0.298,286.62,54.61,42.00,48.30
7,2005,18,0.344,288.15,60.63,40.84,50.74
7,2005,19,0.389,289.38,66.19,39.48,52.84
7,2005,20,0.427,290.73,70.89,36.03,53.46
7,2005,21,0.451,291.43,71.76,38.11,54.93
7,2005,22,0.472,291.95,73.58,38.07,55.82
7,2005,23,0.489,292.32,77.30,37.54,57.42
7,2005,24,0.500,292.99,80.33,32.27,56.30
7,2005,25,0.500,293.06,79.44,31.97,55.71
7,2005,26,0.494,292.75,74.90,38.04,56.47
7,2005,27,0.491,292.96,71.38,41.23,56.30
7,2005,28,0.491,293.33,72.81,40.68,56.74
7,2005,29,0.480,292.43,68.84,53.82,61.33
7,2005,30,0.479,293.12,70.04,46.75,58.39
7,2005,31,0.475,292.71,69.07,51.95,60.51
7,2005,32,0.474,292.46,70.13,53.98,62.05
7,2005,33,0.472,292.31,71.74,52.05,61.90
7,2005,34,0.472,292.02,75.28,50.26,62.77
7,2005,35,0.473,291.84,81.25,42.31,61.78
7,2005,36,0.473,291.77,87.22,29.99,58.61
7,2005,37,0.469,291.41,90.75,21.21,55.98
7,2005,38,0.459,290.35,91.30,18.00,54.65
7,2005,39,0.440,289.12,90.52,15.76,53.14
7,2005,40,0.421,287.82,89.66,14.35,52.01
7,2005,41,0.400,286.31,90.29,13.18,51.73
7,2005,42,0.372,284.91,88.96,13.36,51.16
7,2005,43,0.344,283.49,88.70,13.12,50.91
7,2005,44,0.312,281.27,88.71,15.93,52.32
7,2005,45,0.277,278.37,86.05,22.40,54.23
7,2005,46,0.239,275.81,79.58,26.68,53.13
7,2005,47,0.196,273.58,69.45,29.70,49.57
7,2005,48,0.162,270.47,60.93,37.33,49.13
7,2005,49,0.135,267.22,52.42,44.96,48.69
7,2005,50,0.118,265.30,49.24,45.53,47.39
7,2005,51,0.106,263.84,48.40,45.59,47.00
7,2005,52,0.097,262.72,45.75,47.30,46.53
7,2006,01,0.091,261.11,41.98,53.48,47.73
7,2006,02,0.088,260.29,41.12,56.83,48.98
7,2006,03,0.088,260.61,41.51,57.66,49.58
7,2006,04,0.088,261.09,39.51,60.10,49.81
7,2006,05,0.084,261.27,33.83,64.87,49.35
7,2006,06,0.079,261.47,27.40,69.16,48.28
7,2006,07,0.076,262.23,22.97,70.88,46.93
7,2006,08,0.075,263.53,21.25,72.10,46.67
7,2006,09,0.073,263.77,17.92,78.76,48.34
7,2006,10,0.076,264.64,16.49,81.84,49.17
7,2006,11,0.088,267.07,18.74,80.33,49.53
7,2006,12,0.104,270.02,21.44,80.72,51.08
7,2006,13,0.127,273.66,24.74,78.20,51.47
7,2006,14,0.158,277.32,29.42,71.42,50.42
7,2006,15,0.198,280.67,36.88,61.84,49.36
7,2006,16,0.237,283.19,42.82,56.94,49.88
7,2006,17,0.280,285.29,47.94,54.25,51.10
7,2006,18,0.319,287.10,51.75,51.23,51.49
7,2006,19,0.351,288.42,52.69,48.74,50.71
7,2006,20,0.379,288.98,53.92,51.99,52.96
7,2006,21,0.408,289.37,56.06,57.03,56.55
7,2006,22,0.428,289.61,57.08,59.40,58.24
7,2006,23,0.451,290.41,62.74,54.87,58.81
7,2006,24,0.468,291.33,68.36,48.64,58.50
7,2006,25,0.485,292.07,73.60,43.06,58.33
7,2006,26,0.503,292.87,78.98,37.47,58.22
7,2006,27,0.519,293.90,84.55,31.13,57.84
7,2006,28,0.520,294.19,86.25,31.20,58.73
7,2006,29,0.515,294.19,85.19,33.15,59.17
7,2006,30,0.511,294.39,84.32,32.30,58.31
7,2006,31,0.498,293.98,78.69,36.51,57.60
7,2006,32,0.479,293.20,71.34,44.86,58.10
7,2006,33,0.471,292.38,69.23,51.62,60.42
7,2006,34,0.467,291.61,71.61,56.13,63.87
7,2006,35,0.466,291.02,77.19,53.06,65.12
7,2006,36,0.459,290.44,81.61,44.39,63.00
7,2006,37,0.452,289.85,84.57,35.81,60.19
7,2006,38,0.444,288.99,86.32,30.70,58.51
7,2006,39,0.437,288.52,90.05,21.37,55.71
7,2006,40,0.427,287.86,93.16,13.78,53.47
7,2006,41,0.407,286.71,94.68,8.95,51.81
7,2006,42,0.385,285.68,95.90,6.76,51.33
7,2006,43,0.357,284.60,95.76,4.92,50.34
7,2006,44,0.321,283.00,93.89,3.84,48.87
7,2006,45,0.292,281.67,94.17,2.66,48.42
7,2006,46,0.272,280.84,96.03,1.05,48.54
7,2006,47,0.250,279.82,96.74,0.59,48.66
7,2006,48,0.236,278.88,97.72,0.32,49.02
7,2006,49,0.224,277.72,98.25,0.31,49.28
7,2006,50,0.208,275.93,98.86,0.79,49.82
7,2006,51,0.192,274.54,99.09,1.37,50.23
7,2006,52,0.182,274.21,98.30,1.44,49.87
7,2007,01,0.174,273.62,96.88,2.81,49.84
7,2007,02,0.163,272.79,93.70,6.51,50.11
7,2007,03,0.152,272.44,87.95,9.55,48.75
7,2007,04,0.146,272.60,81.25,12.01,46.63
7,2007,05,0.142,272.44,71.53,18.01,44.77
7,2007,06,0.138,272.52,62.15,23.46,42.81
7,2007,07,0.142,273.53,58.95,24.39,41.67
7,2007,08,0.152,275.21,59.88,22.86,41.37
7,2007,09,0.171,277.28,65.66,20.76,43.21
7,2007,10,0.191,279.38,70.40,19.12,44.76
7,2007,11,0.215,281.33,75.12,18.09,46.61
7,2007,12,0.249,283.41,83.29,17.05,50.17
7,2007,13,0.285,285.61,91.51,9.97,50.74
7,2007,14,0.316,287.01,96.24,6.20,51.22
7,2007,15,0.342,287.89,97.55,6.49,52.02
7,2007,16,0.372,289.39,97.19,6.04,51.62
7,2007,17,0.407,291.27,96.31,4.26,50.28
7,2007,18,0.434,292.38,94.25,4.59,49.42
7,2007,19,0.457,293.26,91.44,4.91,48.18
7,2007,20,0.476,293.87,89.81,6.77,48.29
7,2007,21,0.494,294.58,89.28,8.48,48.88
7,2007,22,0.510,295.10,89.57,8.94,49.25
7,2007,23,0.518,295.25,89.66,10.26,49.96
7,2007,24,0.519,295.11,88.30,11.37,49.84
7,2007,25,0.517,295.03,85.66,11.44,48.55
7,2007,26,0.516,295.26,83.08,10.47,46.78
7,2007,27,0.517,295.70,82.07,9.73,45.90
7,2007,28,0.507,295.57,78.91,13.20,46.05
7,2007,29,0.500,295.48,77.70,16.23,46.96
7,2007,30,0.494,295.51,76.42,17.92,47.17
7,2007,31,0.487,295.28,74.10,18.97,46.54
7,2007,32,0.477,294.74,70.54,23.36,46.95
7,2007,33,0.463,293.75,65.48,32.00,48.74
7,2007,34,0.457,292.67,66.53,41.07,53.80
7,2007,35,0.461,291.83,74.91,42.15,58.53
7,2007,36,0.458,290.80,80.18,40.30,60.24
7,2007,37,0.446,289.70,81.81,37.07,59.44
7,2007,38,0.432,288.57,81.27,34.32,57.79
7,2007,39,0.412,287.26,79.51,33.31,56.41
7,2007,40,0.389,285.99,75.98,32.73,54.36
7,2007,41,0.356,284.38,70.01,32.22,51.12
7,2007,42,0.323,282.57,66.12,34.27,50.20
7,2007,43,0.288,280.43,62.78,37.07,49.93
7,2007,44,0.249,278.12,58.18,38.18,48.18
7,2007,45,0.211,275.95,52.14,36.80,44.47
7,2007,46,0.171,273.49,44.59,38.39,41.49
7,2007,47,0.145,271.50,41.95,38.99,40.47
7,2007,48,0.129,269.70,41.71,40.15,40.93
7,2007,49,0.113,268.67,38.08,38.04,38.06
7,2007,50,0.104,268.04,38.03,32.89,35.46
7,2007,51,0.102,267.44,43.22,29.11,36.17
7,2007,52,0.099,266.77,44.92,28.96,36.94
7,2008,01,0.102,266.93,48.41,26.83,37.62
7,2008,02,0.110,267.71,55.86,23.25,39.56
7,2008,03,0.124,269.07,67.22,18.72,42.97
7,2008,04,0.138,270.76,75.59,15.39,45.49
7,2008,05,0.155,272.64,79.77,13.64,46.70
7,2008,06,0.175,274.68,83.51,11.65,47.58
7,2008,07,0.188,276.19,83.40,11.30,47.35
7,2008,08,0.199,277.64,83.83,11.29,47.56
7,2008,09,0.207,278.65,82.65,14.03,48.34
7,2008,10,0.216,279.69,81.40,17.65,49.53
7,2008,11,0.227,280.88,79.64,20.75,50.19
7,2008,12,0.235,281.77,76.74,26.05,51.39
7,2008,13,0.250,282.91,76.59,26.60,51.60
7,2008,14,0.263,283.99,74.12,27.36,50.74
7,2008,15,0.286,285.01,74.67,29.06,51.86
7,2008,16,0.316,285.88,75.56,35.15,55.36
7,2008,17,0.347,286.66,74.62,42.72,58.67
7,2008,18,0.383,287.57,76.57,46.69,61.63
7,2008,19,0.420,288.80,79.16,45.26,62.21
7,2008,20,0.447,289.81,80.37,44.85,62.61
7,2008,21,0.473,290.97,82.54,42.60,62.57
7,2008,22,0.490,291.89,82.79,38.88,60.84
7,2008,23,0.504,292.65,84.78,34.51,59.64
7,2008,24,0.516,293.44,87.34,27.95,57.64
7,2008,25,0.526,294.07,89.78,21.65,55.72
7,2008,26,0.532,294.60,90.59,18.13,54.36
7,2008,27,0.531,294.67,88.70,22.53,55.61
7,2008,28,0.530,294.54,89.47,27.18,58.33
7,2008,29,0.523,294.63,87.91,28.09,58.00
7,2008,30,0.511,294.50,83.40,31.26,57.33
7,2008,31,0.498,293.93,78.36,37.43,57.90
7,2008,32,0.496,293.83,78.64,36.88,57.76
7,2008,33,0.496,294.09,81.16,28.62,54.89
7,2008,34,0.485,293.80,79.65,26.77,53.21
7,2008,35,0.469,293.10,77.86,26.99,52.42
7,2008,36,0.445,291.72,73.59,30.58,52.08
7,2008,37,0.421,290.37,70.89,30.88,50.89
7,2008,38,0.401,289.04,68.05,30.47,49.26
7,2008,39,0.385,288.16,67.52,24.99,46.25
7,2008,40,0.374,287.42,68.96,18.25,43.60
7,2008,41,0.363,286.70,73.33,9.28,41.30
7,2008,42,0.348,286.06,78.19,3.75,40.97
7,2008,43,0.328,284.82,81.84,3.88,42.86
7,2008,44,0.295,282.60,80.84,7.03,43.94
7,2008,45,0.267,280.27,80.76,10.84,45.80
7,2008,46,0.241,278.32,80.22,13.57,46.89
7,2008,47,0.211,276.24,76.82,16.87,46.84
7,2008,48,0.184,273.78,71.84,22.33,47.08
7,2008,49,0.157,270.94,64.11,28.56,46.33
7,2008,50,0.133,268.39,57.81,31.55,44.68
7,2008,51,0.114,266.57,52.70,32.88,42.79
7,2008,52,0.100,264.95,46.35,36.81,41.58
7,2009,01,0.085,263.11,37.25,44.07,40.66
7,2009,02,0.077,262.58,32.82,46.73,39.78
7,2009,03,0.071,262.16,29.00,50.34,39.67
7,2009,04,0.066,262.23,24.96,53.66,39.31
7,2009,05,0.064,262.86,21.13,56.03,38.58
7,2009,06,0.064,263.36,18.70,59.72,39.21
7,2009,07,0.070,264.87,19.87,58.32,39.09
7,2009,08,0.079,266.37,22.80,58.43,40.62
7,2009,09,0.089,267.60,25.26,61.84,43.55
7,2009,10,0.105,269.49,29.48,62.18,45.83
7,2009,11,0.128,272.13,36.15,60.02,48.08
7,2009,12,0.164,275.60,46.86,56.24,51.55
7,2009,13,0.207,279.20,58.76,47.88,53.32
7,2009,14,0.260,283.09,72.47,32.73,52.60
7,2009,15,0.313,286.10,85.47,19.93,52.70
7,2009,16,0.361,287.75,93.00,19.51,56.25
7,2009,17,0.405,289.45,95.81,19.63,57.72
7,2009,18,0.442,290.68,97.10,20.25,58.67
7,2009,19,0.475,291.34,97.27,23.08,60.18
7,2009,20,0.495,291.83,96.37,26.80,61.58
7,2009,21,0.513,292.28,95.31,31.74,63.52
7,2009,22,0.526,292.76,94.30,32.41,63.36
7,2009,23,0.533,293.40,94.00,29.00,61.50
7,2009,24,0.536,293.97,93.69,24.04,58.86
7,2009,25,0.537,294.31,93.11,20.36,56.73
7,2009,26,0.540,294.85,92.93,16.54,54.73
7,2009,27,0.542,295.56,92.86,12.81,52.83
7,2009,28,0.534,295.59,90.58,14.32,52.45
7,2009,29,0.527,295.90,88.42,12.29,50.35
7,2009,30,0.521,296.20,86.41,10.38,48.39
7,2009,31,0.511,296.12,83.00,8.81,45.90
7,2009,32,0.503,295.98,80.12,7.40,43.76
7,2009,33,0.491,295.60,75.86,7.08,41.47
7,2009,34,0.482,295.38,74.08,4.97,39.52
7,2009,35,0.470,294.98,73.77,3.04,38.41
7,2009,36,0.453,294.33,73.04,2.66,37.85
7,2009,37,0.432,293.32,71.50,3.58,37.54
7,2009,38,0.402,291.25,64.82,9.52,37.17
7,2009,39,0.368,289.38,57.01,13.30,35.15
7,2009,40,0.335,287.82,47.22,13.81,30.51
7,2009,41,0.296,285.58,37.65,19.38,28.52
7,2009,42,0.258,282.88,31.47,30.74,31.11
7,2009,43,0.223,280.12,29.23,38.74,33.99
7,2009,44,0.194,277.86,29.14,39.49,34.31
7,2009,45,0.175,276.28,32.62,34.96,33.79
7,2009,46,0.155,274.06,35.37,35.97,35.67
7,2009,47,0.137,271.53,37.35,39.54,38.45
7,2009,48,0.120,268.80,37.67,45.05,41.36
7,2009,49,0.107,265.55,35.81,52.16,43.99
7,2009,50,0.099,262.51,36.69,56.59,46.64
7,2009,51,0.088,259.08,35.47,63.75,49.61
7,2009,52,0.078,256.19,32.17,71.24,51.71
7,2010,01,0.068,255.21,25.53,73.41,49.47
7,2010,02,0.067,254.40,25.60,75.65,50.63
7,2010,03,0.065,253.90,24.21,78.23,51.22
7,2010,04,0.060,253.65,20.31,81.77,51.04
7,2010,05,0.062,254.68,19.46,82.03,50.74
7,2010,06,0.068,256.96,20.68,78.65,49.67
7,2010,07,0.072,259.01,20.90,76.30,48.60
7,2010,08,0.078,261.43,22.71,74.26,48.49
7,2010,09,0.090,264.68,26.38,71.03,48.70
7,2010,10,0.111,268.77,33.32,63.14,48.23
7,2010,11,0.138,273.19,41.26,54.05,47.65
7,2010,12,0.168,277.37,48.62,47.02,47.82
7,2010,13,0.198,280.34,54.54,41.14,47.84
7,2010,14,0.235,283.31,61.50,31.34,46.42
7,2010,15,0.270,285.53,67.30,24.49,45.90
7,2010,16,0.308,287.08,71.04,25.02,48.03
7,2010,17,0.337,288.23,69.36,29.51,49.44
7,2010,18,0.356,288.83,64.60,35.71,50.16
7,2010,19,0.369,288.90,58.51,43.99,51.25
7,2010,20,0.383,288.63,54.54,54.79,54.67
7,2010,21,0.405,288.98,53.81,60.63,57.22
7,2010,22,0.431,289.97,56.22,57.07,56.65
7,2010,23,0.447,290.76,58.61,52.47,55.54
7,2010,24,0.456,291.52,60.35,47.36,53.85
7,2010,25,0.464,292.26,62.22,41.36,51.79
7,2010,26,0.465,292.74,60.66,38.82,49.74
7,2010,27,0.470,293.51,61.84,35.43,48.63
7,2010,28,0.470,293.73,64.10,36.20,50.15
7,2010,29,0.471,294.15,67.38,32.81,50.10
7,2010,30,0.479,295.06,72.87,23.25,48.06
7,2010,31,0.480,295.12,74.23,21.19,47.71
7,2010,32,0.477,294.62,74.01,25.37,49.69
7,2010,33,0.472,293.93,73.34,30.09,51.71
7,2010,34,0.465,292.77,72.94,40.36,56.65
7,2010,35,0.456,291.22,73.59,50.61,62.10
7,2010,36,0.445,289.62,75.67,53.25,64.46
7,2010,37,0.440,288.67,79.99,46.95,63.47
7,2010,38,0.428,287.70,79.88,43.05,61.46
7,2010,39,0.410,286.58,78.87,39.66,59.27
7,2010,40,0.391,285.04,76.70,42.28,59.49
7,2010,41,0.360,283.23,71.82,43.89,57.86
7,2010,42,0.324,281.81,66.68,41.13,53.91
7,2010,43,0.299,281.10,68.27,31.42,49.84
7,2010,44,0.275,280.41,71.87,21.66,46.76
7,2010,45,0.247,279.05,72.08,18.33,45.21
7,2010,46,0.213,277.12,67.34,20.06,43.70
7,2010,47,0.181,274.23,61.98,26.55,44.27
7,2010,48,0.149,271.01,53.39,34.87,44.13
7,2010,49,0.124,268.60,45.09,39.09,42.09
7,2010,50,0.110,266.88,42.52,38.38,40.45
7,2010,51,0.103,266.21,43.78,34.85,39.32
7,2010,52,0.102,266.02,46.09,32.89,39.49
7,2011,01,0.101,265.83,46.72,33.05,39.89
7,2011,02,0.102,266.26,49.83,31.75,40.79
7,2011,03,0.112,267.76,57.64,26.82,42.23
7,2011,04,0.124,269.20,64.13,24.79,44.46
7,2011,05,0.132,270.04,64.42,27.19,45.81
7,2011,06,0.135,270.49,59.92,30.94,45.43
7,2011,07,0.135,271.27,55.47,32.42,43.95
7,2011,08,0.131,271.54,50.51,36.67,43.59
7,2011,09,0.137,272.96,50.15,38.03,44.09
7,2011,10,0.150,275.42,52.67,35.15,43.91
7,2011,11,0.170,278.04,56.43,32.11,44.27
7,2011,12,0.201,280.85,63.30,28.87,46.08
7,2011,13,0.228,283.22,67.66,23.26,45.46
7,2011,14,0.251,284.86,68.60,20.33,44.47
7,2011,15,0.277,286.69,69.97,15.15,42.56
7,2011,16,0.307,288.26,70.82,14.84,42.83
7,2011,17,0.337,289.55,69.21,18.00,43.60
7,2011,18,0.372,290.93,70.63,16.90,43.77
7,2011,19,0.411,292.16,73.64,14.32,43.98
7,2011,20,0.450,293.26,78.96,11.85,45.41
7,2011,21,0.481,293.98,82.44,13.61,48.03
7,2011,22,0.501,294.75,83.87,11.60,47.74
7,2011,23,0.507,295.18,83.58,10.36,46.97
7,2011,24,0.502,294.79,80.26,13.89,47.07
7,2011,25,0.501,294.60,78.02,15.30,46.66
7,2011,26,0.500,294.69,76.56,16.24,46.40
7,2011,27,0.503,294.67,76.77,21.30,49.04
7,2011,28,0.504,294.54,79.89,25.95,52.92
7,2011,29,0.509,294.55,84.31,28.15,56.23
7,2011,30,0.513,294.49,87.35,30.83,59.09
7,2011,31,0.514,294.46,89.30,29.89,59.59
7,2011,32,0.514,294.25,90.49,30.59,60.54
7,2011,33,0.510,294.24,90.55,26.08,58.31
7,2011,34,0.504,294.19,90.15,21.51,55.83
7,2011,35,0.491,293.82,88.46,18.14,53.30
7,2011,36,0.477,293.33,88.33,13.61,50.97
7,2011,37,0.464,292.57,88.07,10.75,49.41
7,2011,38,0.450,291.53,87.07,7.33,47.20
7,2011,39,0.431,290.06,85.68,7.46,46.57
7,2011,40,0.411,288.21,83.67,10.92,47.29
7,2011,41,0.387,286.28,82.36,14.13,48.24
7,2011,42,0.361,284.72,82.05,15.84,48.94
7,2011,43,0.336,283.42,83.47,14.24,48.86
7,2011,44,0.310,282.10,86.33,10.09,48.21
7,2011,45,0.282,280.79,87.24,7.79,47.51
7,2011,46,0.256,279.35,86.32,8.59,47.46
7,2011,47,0.229,277.73,85.07,10.40,47.73
7,2011,48,0.206,276.12,82.08,12.83,47.45
7,2011,49,0.184,274.65,77.35,13.74,45.55
7,2011,50,0.163,273.37,73.67,11.97,42.82
7,2011,51,0.144,271.56,69.92,14.12,42.02
7,2011,52,0.126,268.95,63.18,22.83,43.00
7,2012,01,0.111,266.56,55.24,32.43,43.83
7,2012,02,0.101,264.53,50.02,41.13,45.57
7,2012,03,0.094,262.12,46.05,53.15,49.60
7,2012,04,0.089,260.58,40.91,63.29,52.10
7,2012,05,0.087,259.77,35.74,71.12,53.43
7,2012,06,0.089,260.63,33.05,71.83,52.44
7,2012,07,0.093,262.54,32.01,68.65,50.33
7,2012,08,0.102,265.43,35.04,63.15,49.10
7,2012,09,0.114,268.50,38.00,58.81,48.40
7,2012,10,0.132,272.29,42.88,50.41,46.64
7,2012,11,0.158,276.78,49.95,38.99,44.47
7,2012,12,0.179,279.83,53.76,35.34,44.55
7,2012,13,0.199,281.69,55.38,33.49,44.44
7,2012,14,0.222,283.66,55.96,29.59,42.78
7,2012,15,0.255,285.91,60.61,22.48,41.54
7,2012,16,0.298,288.04,67.06,18.00,42.53
7,2012,17,0.341,289.93,70.55,16.30,43.42
7,2012,18,0.373,290.98,70.80,17.80,44.30
7,2012,19,0.396,291.41,68.02,22.26,45.14
7,2012,20,0.408,291.09,62.90,33.26,48.08
7,2012,21,0.409,290.43,54.50,48.11,51.31
7,2012,22,0.466,292.62,69.23,32.94,51.09
7,2012,23,0.486,293.37,74.12,28.59,51.35
7,2012,24,0.505,294.04,80.02,22.67,51.35
7,2012,25,0.519,294.78,84.66,15.45,50.06
7,2012,26,0.525,295.26,85.21,12.65,48.93
7,2012,27,0.518,295.52,80.86,13.84,47.35
7,2012,28,0.513,295.70,80.43,13.78,47.11
7,2012,29,0.502,295.51,77.26,17.32,47.29
7,2012,30,0.496,295.43,76.22,19.70,47.96
7,2012,31,0.491,295.15,74.85,21.18,48.02
7,2012,32,0.488,294.82,75.07,22.74,48.90
7,2012,33,0.494,294.46,79.45,22.80,51.13
7,2012,34,0.496,293.75,83.16,26.82,54.99
7,2012,35,0.492,293.04,86.67,27.33,57.00
7,2012,36,0.488,292.77,90.36,19.40,54.88
7,2012,37,0.478,292.33,91.82,13.00,52.41
7,2012,38,0.463,291.61,91.46,7.53,49.49
7,2012,39,0.443,290.70,90.61,4.47,47.54
7,2012,40,0.422,289.64,89.22,2.72,45.97
7,2012,41,0.404,288.43,90.75,1.12,45.94
7,2012,42,0.379,286.66,90.61,2.55,46.58
7,2012,43,0.349,284.43,90.06,7.16,48.61
7,2012,44,0.314,282.13,88.41,10.34,49.38
7,2012,45,0.281,279.96,86.76,12.94,49.85
7,2012,46,0.247,277.60,82.23,17.36,49.80
7,2012,47,0.204,273.97,71.78,27.15,49.47
7,2012,48,0.162,269.76,58.51,39.43,48.97
7,2012,49,0.131,266.00,47.11,48.61,47.86
7,2012,50,0.110,263.11,41.16,52.00,46.58
7,2012,51,0.095,260.39,38.41,55.72,47.07
7,2012,52,0.083,258.07,33.97,60.50,47.23
7,2013,01,0.088,257.35,37.19,63.26,50.22
7,2013,02,0.080,256.46,34.13,64.94,49.54
7,2013,03,0.075,255.27,31.20,69.34,50.27
7,2013,04,0.071,254.09,27.36,74.72,51.04
7,2013,05,0.068,254.04,22.82,79.69,51.25
7,2013,06,0.069,256.27,21.23,79.06,50.14
7,2013,07,0.072,259.34,20.46,75.37,47.91
7,2013,08,0.078,261.65,21.35,74.36,47.86
7,2013,09,0.085,263.28,22.40,76.16,49.28
7,2013,10,0.095,264.76,23.68,76.44,50.06
7,2013,11,0.102,265.58,23.60,80.78,52.19
7,2013,12,0.117,266.91,25.46,84.84,55.15
7,2013,13,0.138,269.35,27.99,87.27,57.63
7,2013,14,0.167,273.27,31.51,83.73,57.62
7,2013,15,0.214,278.42,41.11,72.35,56.73
7,2013,16,0.273,283.61,54.06,53.97,54.02
7,2013,17,0.325,287.18,62.00,40.86,51.43
7,2013,18,0.371,289.48,67.86,32.88,50.37
7,2013,19,0.405,290.56,69.51,31.57,50.54
7,2013,20,0.435,291.09,71.44,33.60,52.52
7,2013,21,0.465,292.15,74.38,31.58,52.98
7,2013,22,0.484,292.73,75.68,30.99,53.33
7,2013,23,0.497,293.13,77.80,30.03,53.91
7,2013,24,0.506,293.48,79.65,27.91,53.78
7,2013,25,0.514,294.12,81.19,22.87,52.03
7,2013,26,0.518,294.65,81.42,20.28,50.85
7,2013,27,0.511,294.42,77.43,27.83,52.63
7,2013,28,0.506,294.15,76.42,34.45,55.43
7,2013,29,0.509,294.52,79.91,31.41,55.66
7,2013,30,0.508,294.78,80.76,29.78,55.27
7,2013,31,0.494,294.56,75.43,32.95,54.19
7,2013,32,0.481,294.21,70.98,36.43,53.70
7,2013,33,0.471,293.61,67.53,41.70,54.62
7,2013,34,0.453,292.58,62.39,47.88,55.13
7,2013,35,0.426,290.57,55.98,60.00,57.99
7,2013,36,0.402,288.56,53.49,64.96,59.23
7,2013,37,0.387,286.86,55.03,63.72,59.38
7,2013,38,0.372,285.75,54.86,61.42,58.14
7,2013,39,0.347,285.09,50.56,54.95,52.76
7,2013,40,0.316,284.12,42.38,53.80,48.09
7,2013,41,0.290,283.69,38.89,43.47,41.18
7,2013,42,0.277,283.58,43.65,28.14,35.90
7,2013,43,0.259,283.22,48.55,16.13,32.34
7,2013,44,0.237,282.32,51.71,10.25,30.98
7,2013,45,0.237,281.32,65.29,7.44,36.37
7,2013,46,0.226,279.69,71.98,8.53,40.26
7,2013,47,0.214,277.81,76.32,10.67,43.50
7,2013,48,0.203,276.05,78.40,13.03,45.71
7,2013,49,0.195,274.80,79.93,13.10,46.51
7,2013,50,0.190,273.77,83.80,10.86,47.33
7,2013,51,0.184,272.80,87.34,9.78,48.56
7,2013,52,0.172,271.62,86.99,11.58,49.28
7,2014,01,0.155,269.41,81.53,17.46,49.49
7,2014,02,0.134,266.90,72.14,25.24,48.69
7,2014,03,0.117,263.33,61.81,37.61,49.71
7,2014,04,0.114,261.58,57.21,43.76,50.48
7,2014,05,0.116,262.23,53.62,45.14,49.38
7,2014,06,0.126,264.94,53.82,42.11,47.96
7,2014,07,0.143,269.58,58.29,32.09,45.19
7,2014,08,0.170,273.76,67.39,22.90,45.14
7,2014,09,0.198,277.06,75.63,17.32,46.47
7,2014,10,0.226,279.76,82.50,14.14,48.32
7,2014,11,0.248,282.00,85.23,12.57,48.90
7,2014,12,0.271,283.74,88.35,12.66,50.50
7,2014,13,0.291,285.27,90.06,10.26,50.16
7,2014,14,0.314,286.52,90.84,9.14,49.99
7,2014,15,0.340,287.42,91.09,10.93,51.01
7,2014,16,0.369,288.13,90.89,17.76,54.32
7,2014,17,0.397,288.85,88.93,25.82,57.38
7,2014,18,0.423,289.42,87.58,31.65,59.62
7,2014,19,0.449,289.97,86.34,35.15,60.74
7,2014,20,0.467,290.25,84.93,40.55,62.72
7,2014,21,0.484,290.67,83.48,45.77,64.62
7,2014,22,0.500,291.44,82.87,43.97,63.40
7,2014,23,0.512,292.32,83.99,38.25,61.10
7,2014,24,0.517,292.76,84.00,35.70,59.85
7,2014,25,0.522,293.46,83.70,30.33,57.01
7,2014,26,0.521,293.92,81.77,28.66,55.21
7,2014,27,0.517,294.41,79.50,27.58,53.54
7,2014,28,0.509,294.44,77.66,30.39,54.02
7,2014,29,0.506,294.60,77.88,30.35,54.11
7,2014,30,0.504,294.86,78.86,28.81,53.83
7,2014,31,0.495,294.62,76.55,32.17,54.36
7,2014,32,0.489,294.14,75.42,37.23,56.33
7,2014,33,0.486,293.75,75.82,40.10,57.96
7,2014,34,0.481,293.23,77.24,40.30,58.77
7,2014,35,0.472,292.40,79.01,38.70,58.86
7,2014,36,0.460,291.34,79.55,36.45,58.00
7,2014,37,0.450,290.40,80.87,31.69,56.28
7,2014,38,0.433,289.62,79.08,26.71,52.90
7,2014,39,0.401,288.26,72.38,27.18,49.78
7,2014,40,0.363,286.12,62.38,36.35,49.37
7,2014,41,0.332,284.56,57.10,37.04,47.07
7,2014,42,0.308,283.18,56.60,33.31,44.95
7,2014,43,0.280,281.74,56.63,28.88,42.75
7,2014,44,0.248,280.00,54.89,26.18,40.53
7,2014,45,0.225,277.47,56.61,28.81,42.71
7,2014,46,0.190,274.09,50.85,35.49,43.17
7,2014,47,0.163,271.49,48.31,38.68,43.49
7,2014,48,0.145,270.08,47.46,38.21,42.83
7,2014,49,0.133,269.10,46.61,36.48,41.55
7,2014,50,0.131,268.35,50.75,32.94,41.85
7,2014,51,0.130,267.88,56.47,29.91,43.19
7,2014,52,0.126,267.37,58.88,29.24,44.06
7,2015,01,0.122,266.97,60.04,29.77,44.90
7,2015,02,0.117,266.94,61.52,29.96,45.74
7,2015,03,0.119,267.38,64.84,29.22,47.03
7,2015,04,0.128,268.37,68.38,26.87,47.63
7,2015,05,0.135,269.37,66.58,28.29,47.43
7,2015,06,0.143,270.68,64.37,29.71,47.04
7,2015,07,0.150,271.98,62.39,30.77,46.58
7,2015,08,0.166,274.17,65.34,28.30,46.82
7,2015,09,0.182,276.51,67.99,25.33,46.66
7,2015,10,0.197,278.22,69.31,24.93,47.12
7,2015,11,0.209,279.37,68.81,27.27,48.04
7,2015,12,0.229,280.76,71.13,28.88,50.00
7,2015,13,0.249,282.61,73.08,25.94,49.51
7,2015,14,0.268,284.38,72.30,22.92,47.61
7,2015,15,0.292,286.09,72.12,20.60,46.36
7,2015,16,0.326,287.67,74.48,21.37,47.92
7,2015,17,0.361,289.17,75.62,23.00,49.31
7,2015,18,0.396,289.99,77.38,26.71,52.05
7,2015,19,0.428,290.56,78.68,29.95,54.32
7,2015,20,0.459,291.16,81.55,32.34,56.94
7,2015,21,0.490,291.97,85.04,33.48,59.26
7,2015,22,0.510,292.55,86.47,33.45,59.95
7,2015,23,0.521,293.03,87.60,31.53,59.56
7,2015,24,0.528,293.40,88.66,29.01,58.83
7,2015,25,0.533,293.95,88.91,24.77,56.84
7,2015,26,0.533,294.51,87.53,21.79,54.66
7,2015,27,0.523,294.80,82.45,22.52,52.48
7,2015,28,0.518,295.44,80.69,17.62,49.15
7,2015,29,0.513,295.96,79.22,12.92,46.07
7,2015,30,0.503,296.31,76.02,10.77,43.40
7,2015,31,0.489,296.68,70.43,6.49,38.46
7,2015,32,0.471,296.65,62.28,6.01,34.15
7,2015,33,0.457,296.64,56.89,4.97,30.93
7,2015,34,0.441,295.92,51.95,7.28,29.62
7,2015,35,0.419,294.52,48.29,13.35,30.82
7,2015,36,0.408,293.40,51.81,15.09,33.45
7,2015,37,0.396,291.79,55.17,18.88,37.03
7,2015,38,0.377,290.27,53.70,20.44,37.07
7,2015,39,0.347,288.72,48.23,22.20,35.21
7,2015,40,0.309,286.32,37.68,33.27,35.48
7,2015,41,0.288,284.62,36.54,35.34,35.94
7,2015,42,0.280,283.43,43.76,30.08,36.92
7,2015,43,0.268,282.43,51.46,22.54,37.00
7,2015,44,0.254,281.92,58.43,12.96,35.70
7,2015,45,0.249,280.88,69.97,9.73,39.85
7,2015,46,0.230,279.11,72.99,11.40,42.19
7,2015,47,0.208,277.03,73.04,14.32,43.68
7,2015,48,0.191,275.43,72.13,15.96,44.04
7,2015,49,0.185,274.64,74.78,14.09,44.44
7,2015,50,0.183,274.37,79.74,8.99,44.37
7,2015,51,0.175,273.21,82.30,9.30,45.80
7,2015,52,0.159,270.80,79.36,16.47,47.91
7,2016,01,0.141,268.31,72.72,24.66,48.69
7,2016,02,0.125,266.76,66.63,30.52,48.58
7,2016,03,0.118,266.29,63.57,33.42,48.49
7,2016,04,0.123,267.33,64.52,31.49,48.01
7,2016,05,0.132,269.34,64.31,28.69,46.50
7,2016,06,0.142,271.25,63.39,26.86,45.13
7,2016,07,0.149,272.43,61.71,27.42,44.56
7,2016,08,0.156,272.50,60.85,33.07,46.96
7,2016,09,0.161,271.83,58.12,42.80,50.46
7,2016,10,0.160,271.10,53.27,53.11,53.19
7,2016,11,0.231,279.56,77.98,25.14,51.56
7,2016,12,0.254,280.96,81.09,27.23,54.16
7,2016,13,0.275,282.29,83.34,27.45,55.40
7,2016,14,0.299,283.61,84.78,27.56,56.17
7,2016,15,0.327,284.91,86.31,28.91,57.61
7,2016,16,0.355,285.60,85.61,37.83,61.72
7,2016,17,0.384,286.69,84.30,43.46,63.88
7,2016,18,0.412,287.73,83.45,46.27,64.86
7,2016,19,0.436,288.65,81.97,47.07,64.52
7,2016,20,0.462,289.88,83.14,43.84,63.48
7,2016,21,0.489,291.13,84.97,40.90,62.94
7,2016,22,0.508,291.91,85.96,39.07,62.51
7,2016,23,0.522,292.75,87.81,34.04,60.92
7,2016,24,0.529,293.54,88.67,27.72,58.20
7,2016,25,0.534,294.16,88.86,22.56,55.71
7,2016,26,0.534,294.37,87.66,23.35,55.51
7,2016,27,0.529,294.69,85.28,24.11,54.70
7,2016,28,0.528,295.17,85.79,21.50,53.65
7,2016,29,0.523,295.20,84.78,22.75,53.77
7,2016,30,0.516,295.35,82.66,22.61,52.63
7,2016,31,0.504,295.54,78.11,20.68,49.40
7,2016,32,0.494,295.67,74.84,18.34,46.59
7,2016,33,0.486,295.79,72.78,15.20,43.99
7,2016,34,0.470,295.53,68.51,11.94,40.23
7,2016,35,0.448,294.65,64.02,11.53,37.77
7,2016,36,0.425,293.67,60.62,12.09,36.36
7,2016,37,0.406,292.37,60.02,13.47,36.74
7,2016,38,0.381,290.70,56.25,16.25,36.25
7,2016,39,0.339,288.05,45.66,28.32,36.99
7,2016,40,0.295,284.95,32.15,46.12,39.14
7,2016,41,0.264,282.28,26.15,56.76,41.45
7,2016,42,0.238,279.59,24.99,62.69,43.84
7,2016,43,0.211,277.51,25.49,59.89,42.69
7,2016,44,0.186,275.98,25.58,53.56,39.57
7,2016,45,0.169,274.11,29.14,48.93,39.03
7,2016,46,0.159,272.03,35.84,46.69,41.26
7,2016,47,0.140,269.21,37.45,50.00,43.73
7,2016,48,0.127,267.33,39.06,51.02,45.04
7,2016,49,0.121,266.77,40.37,47.16,43.77
7,2016,50,0.121,266.09,45.19,42.92,44.05
7,2016,51,0.120,265.11,50.53,41.39,45.96
7,2016,52,0.112,263.70,50.19,43.26,46.73
7,2017,01,0.107,263.46,50.10,41.96,46.03
7,2017,02,0.103,263.18,49.81,41.43,45.62
7,2017,03,0.099,262.31,47.96,44.03,45.99
7,2017,04,0.102,262.29,48.08,44.63,46.36
7,2017,05,0.108,264.34,48.08,41.18,44.63
7,2017,06,0.119,267.65,49.90,35.58,42.74
7,2017,07,0.133,271.27,53.32,28.66,40.99
7,2017,08,0.154,274.21,60.19,24.12,42.15
7,2017,09,0.177,276.48,65.89,22.55,44.22
7,2017,10,0.199,279.07,70.41,19.32,44.86
7,2017,11,0.218,281.28,72.42,17.05,44.73
7,2017,12,0.243,283.04,76.61,16.72,46.67
7,2017,13,0.267,284.80,80.42,13.35,46.88
7,2017,14,0.292,286.15,81.88,11.79,46.84
7,2017,15,0.315,286.96,81.73,14.19,47.96
7,2017,16,0.336,287.40,78.34,23.07,50.70
7,2017,17,0.359,287.53,74.64,36.00,55.32
7,2017,18,0.386,288.10,73.68,42.80,58.24
7,2017,19,0.417,289.15,74.45,42.81,58.63
7,2017,20,0.450,290.36,77.67,40.00,58.83
7,2017,21,0.481,291.38,80.98,39.25,60.11
7,2017,22,0.501,291.81,82.75,40.45,61.59
7,2017,23,0.515,292.37,84.98,37.89,61.43
7,2017,24,0.527,293.22,88.28,31.23,59.75
7,2017,25,0.535,293.66,89.97,28.36,59.17
7,2017,26,0.536,293.92,89.65,28.77,59.21
7,2017,27,0.532,294.37,87.70,28.15,57.93
7,2017,28,0.529,294.55,87.43,29.57,58.50
7,2017,29,0.523,294.47,85.93,32.31,59.12
7,2017,30,0.515,294.54,83.44,33.14,58.29
7,2017,31,0.504,294.66,79.75,32.10,55.92
7,2017,32,0.492,294.41,75.27,34.21,54.74
7,2017,33,0.485,294.00,73.49,37.41,55.45
7,2017,34,0.474,293.06,71.61,42.59,57.10
7,2017,35,0.462,292.00,72.12,43.76,57.94
7,2017,36,0.450,290.66,73.48,43.91,58.70
7,2017,37,0.439,288.96,75.30,45.03,60.17
7,2017,38,0.422,287.71,74.16,44.30,59.23
7,2017,39,0.397,286.52,70.51,42.97,56.74
7,2017,40,0.362,284.83,62.00,48.34,55.17
7,2017,41,0.331,283.52,56.79,46.58,51.68
7,2017,42,0.302,281.80,53.99,44.70,49.35
7,2017,43,0.272,279.98,52.96,41.87,47.42
7,2017,44,0.233,277.84,48.77,40.86,44.81
7,2017,45,0.213,276.01,51.70,37.56,44.63
7,2017,46,0.191,274.14,52.62,35.66,44.14
7,2017,47,0.163,271.31,49.88,39.79,44.84
7,2017,48,0.138,268.98,45.23,43.29,44.26
7,2017,49,0.121,266.97,41.75,46.00,43.87
7,2017,50,0.115,265.97,43.46,43.62,43.54
7,2017,51,0.116,265.54,49.41,40.17,44.79
7,2017,52,0.107,263.73,51.05,41.79,46.42
7,2018,01,0.106,263.65,52.67,42.22,47.44
7,2018,02,0.102,263.05,53.00,41.61,47.30
7,2018,03,0.098,262.22,50.51,47.90,49.21
7,2018,04,0.096,260.38,46.04,53.93,49.99
7,2018,05,0.090,259.12,38.66,60.11,49.38
7,2018,06,0.090,260.00,32.20,67.74,49.97
7,2018,07,0.091,261.69,28.69,69.00,48.84
7,2018,08,0.094,263.02,29.19,69.01,49.10
7,2018,09,0.104,264.63,30.50,70.05,50.28
7,2018,10,0.118,266.76,33.51,68.05,50.78
7,2018,11,0.137,268.94,36.68,67.27,51.98
7,2018,12,0.167,272.27,45.31,61.56,53.44
7,2018,13,0.204,276.55,56.25,50.12,53.19
7,2018,14,0.260,282.37,68.41,32.28,50.35
7,2018,15,0.313,286.20,78.91,20.72,49.81
7,2018,16,0.360,288.72,87.16,13.92,50.54
7,2018,17,0.400,290.43,89.39,12.88,51.13
7,2018,18,0.428,290.94,88.61,19.08,53.84
7,2018,19,0.455,291.35,87.32,23.28,55.30
7,2018,20,0.476,291.93,86.46,24.92,55.68
7,2018,21,0.491,292.11,84.21,31.50,57.86
7,2018,22,0.499,292.49,81.53,32.75,57.13
7,2018,23,0.496,292.15,76.74,38.72,57.73
7,2018,24,0.482,291.45,69.16,47.75,58.45
7,2018,25,0.472,291.11,63.10,53.95,58.53
7,2018,26,0.470,291.23,61.05,56.55,58.80
7,2018,27,0.465,291.40,58.63,60.72,59.67
7,2018,28,0.464,291.71,59.78,62.46,61.12
7,2018,29,0.471,292.37,65.29,56.19,60.74
7,2018,30,0.475,292.93,68.26,51.00,59.63
7,2018,31,0.474,293.22,67.77,48.95,58.36
7,2018,32,0.474,293.75,69.20,41.86,55.53
7,2018,33,0.472,293.82,69.51,39.24,54.38
7,2018,34,0.467,293.49,70.34,37.06,53.70
7,2018,35,0.462,293.17,73.73,29.64,51.68
7,2018,36,0.455,292.59,76.95,23.70,50.33
7,2018,37,0.442,291.37,77.77,22.81,50.29
7,2018,38,0.427,290.50,76.78,18.48,47.63
7,2018,39,0.410,290.10,76.43,10.33,43.38
7,2018,40,0.380,288.98,70.08,9.13,39.61
7,2018,41,0.344,287.73,62.69,7.54,35.12
7,2018,42,0.318,286.49,61.64,4.19,32.91
7,2018,43,0.289,285.03,61.13,3.05,32.09
7,2018,44,0.258,283.34,60.59,3.43,32.01
7,2018,45,0.240,281.43,65.18,6.33,35.76
7,2018,46,0.216,278.94,65.06,11.81,38.43
7,2018,47,0.193,276.26,64.49,17.11,40.80
